   EFIT?   05/12/98      # 96028  2650             3  65  65
  1.70000005e+00  3.20000005e+00  1.69550002e+00  8.39999974e-01  0.00000000e+00
  1.72105396e+00  1.55136939e-02 -2.62580276e-01  9.65642557e-02 -1.91795516e+00
  1.17973788e+06 -2.62580276e-01  0.00000000e+00  1.72105396e+00  0.00000000e+00
  1.55136939e-02  0.00000000e+00  9.65642557e-02  0.00000000e+00  0.00000000e+00
 -3.45143461e+00 -3.44163871e+00 -3.43222404e+00 -3.42317009e+00 -3.41445947e+00
 -3.40607738e+00 -3.39801097e+00 -3.39024925e+00 -3.38278270e+00 -3.37560368e+00
 -3.36870480e+00 -3.36208010e+00 -3.35572386e+00 -3.34963131e+00 -3.34379792e+00
 -3.33821917e+00 -3.33289075e+00 -3.32780862e+00 -3.32296801e+00 -3.31836438e+00
 -3.31399250e+00 -3.30984640e+00 -3.30591941e+00 -3.30220437e+00 -3.29869223e+00
 -3.29537320e+00 -3.29223537e+00 -3.28926635e+00 -3.28645420e+00 -3.28378820e+00
 -3.28125978e+00 -3.27886128e+00 -3.27658629e+00 -3.27442932e+00 -3.27238560e+00
 -3.27045107e+00 -3.26862192e+00 -3.26689529e+00 -3.26526856e+00 -3.26373935e+00
 -3.26230574e+00 -3.26096559e+00 -3.25971770e+00 -3.25856018e+00 -3.25749207e+00
 -3.25651145e+00 -3.25561738e+00 -3.25480843e+00 -3.25408340e+00 -3.25344038e+00
 -3.25287819e+00 -3.25239515e+00 -3.25198889e+00 -3.25165796e+00 -3.25139928e+00
 -3.25121021e+00 -3.25108767e+00 -3.25102782e+00 -3.25102615e+00 -3.25107789e+00
 -3.25117707e+00 -3.25131679e+00 -3.25148916e+00 -3.25168490e+00 -3.25189304e+00
 -1.65369759e+01  2.72612646e+03  5.10042578e+03  7.13925342e+03  8.87301660e+03
  1.03298232e+04  1.15356504e+04  1.25145088e+04  1.32885830e+04  1.38783730e+04
  1.43028125e+04  1.45793936e+04  1.47242637e+04  1.47523320e+04  1.46773545e+04
  1.45120244e+04  1.42680430e+04  1.39561963e+04  1.35864180e+04  1.31678506e+04
  1.27089023e+04  1.22172969e+04  1.17001240e+04  1.11638770e+04  1.06144971e+04
  1.00574092e+04  9.49755176e+03  8.93941113e+03  8.38704785e+03  7.84411816e+03
  7.31390137e+03  6.79931494e+03  6.30293701e+03  5.82701855e+03  5.37349854e+03
  4.94401660e+03  4.53992090e+03  4.16227832e+03  3.81187988e+03  3.48924658e+03
  3.19463086e+03  2.92802002e+03  2.68913550e+03  2.47743018e+03  2.29208643e+03
  2.13201050e+03  1.99582581e+03  1.88186487e+03  1.78815857e+03  1.71242456e+03
  1.65205310e+03  1.60409155e+03  1.56522559e+03  1.53175964e+03  1.49959412e+03
  1.46420020e+03  1.42059229e+03  1.36329761e+03  1.28632288e+03  1.18311768e+03
  1.04653394e+03  8.68783081e+02  6.41388123e+02  3.55131683e+02  0.00000000e+00
 -6.14545441e+00 -5.88743019e+00 -5.64489985e+00 -5.41567707e+00 -5.19789934e+00
 -4.98998594e+00 -4.79059601e+00 -4.59859800e+00 -4.41304111e+00 -4.23313189e+00
 -4.05821562e+00 -3.88775873e+00 -3.72133732e+00 -3.55862641e+00 -3.39939141e+00
 -3.24348307e+00 -3.09083343e+00 -2.94145393e+00 -2.79543638e+00 -2.65295482e+00
 -2.51426983e+00 -2.37973428e+00 -2.24980354e+00 -2.12504482e+00 -2.00615215e+00
 -1.89396322e+00 -1.78945255e+00 -1.69274020e+00 -1.60278189e+00 -1.51860821e+00
 -1.43939137e+00 -1.36442471e+00 -1.29310560e+00 -1.22492063e+00 -1.15943336e+00
 -1.09627271e+00 -1.03512514e+00 -9.75725889e-01 -9.17853355e-01 -8.61323059e-01
 -8.05983365e-01 -7.51711845e-01 -6.98412120e-01 -6.46011651e-01 -5.94459891e-01
 -5.43726981e-01 -4.93803263e-01 -4.44698662e-01 -3.96443278e-01 -3.49087954e-01
 -3.02705556e-01 -2.57392734e-01 -2.13272333e-01 -1.70496330e-01 -1.29249617e-01
 -8.97545069e-02 -5.22761308e-02 -1.71289854e-02  1.53154125e-02  4.46194224e-02
  7.02685863e-02  9.16590244e-02  1.08082682e-01  1.18709996e-01  1.22569591e-01
  5.23090375e+05  4.54401656e+05  3.91804500e+05  3.34838812e+05  2.83078781e+05
  2.36130516e+05  1.93629391e+05  1.55238016e+05  1.20644047e+05  8.95583594e+04
  6.17132461e+04  3.68607852e+04  1.47713281e+04 -4.76789502e+03 -2.19540859e+04
 -3.69700742e+04 -4.99854336e+04 -6.11575352e+04 -7.06324766e+04 -7.85459922e+04
 -8.50243047e+04 -9.01848438e+04 -9.41370000e+04 -9.69828047e+04 -9.88175000e+04
 -9.97301875e+04 -9.98043047e+04 -9.91181953e+04 -9.77455469e+04 -9.57558594e+04
 -9.32148672e+04 -9.01849297e+04 -8.67254219e+04 -8.28931094e+04 -7.87424609e+04
 -7.43260156e+04 -6.96946875e+04 -6.48980703e+04 -5.99847539e+04 -5.50026211e+04
 -4.99991250e+04 -4.50215898e+04 -4.01175078e+04 -3.53348047e+04 -3.07221602e+04
 -2.63292871e+04 -2.22072402e+04 -1.84087285e+04 -1.49884365e+04 -1.20033604e+04
 -9.51315137e+03 -7.58048291e+03 -6.27143555e+03 -5.65589551e+03 -5.80798535e+03
 -6.80651416e+03 -8.73546094e+03 -1.16844863e+04 -1.57494805e+04 -2.10331465e+04
 -2.76456309e+04 -3.57051953e+04 -4.53389375e+04 -5.66835664e+04 -6.98862422e+04
  1.28220320e-01  1.23463079e-01  1.18287809e-01  1.12659872e-01  1.06655061e-01
  1.00452997e-01  9.44336653e-02  8.87488350e-02  8.21878016e-02  8.70577544e-02
  8.85030627e-02  8.83377865e-02  8.61836001e-02  8.56929719e-02  8.84888992e-02
  8.82826149e-02  9.02048275e-02  9.49762389e-02  9.67425555e-02  1.01862222e-01
  1.10119931e-01  1.16783693e-01  1.22598380e-01  1.27940640e-01  1.33036211e-01
  1.38042584e-01  1.43087998e-01  1.48294523e-01  1.53797150e-01  1.59734458e-01
  1.65537655e-01  1.70197606e-01  1.74792379e-01  1.78175092e-01  1.81429371e-01
  1.83242217e-01  1.84850648e-01  1.86759755e-01  1.88877776e-01  1.91148818e-01
  1.93555519e-01  1.96099579e-01  1.98787004e-01  2.01619446e-01  2.04591185e-01
  2.07689419e-01  2.10895523e-01  2.14186355e-01  2.17535257e-01  2.20912784e-01
  2.24287301e-01  2.27625698e-01  2.30894059e-01  2.34058559e-01  2.37086475e-01
  2.39947289e-01  2.42613792e-01  2.45063066e-01  2.47277334e-01  2.49244496e-01
  2.50958323e-01  2.52418280e-01  2.53629088e-01  2.54599959e-01  2.55343825e-01
  1.23464108e-01  1.17552489e-01  1.11033760e-01  1.03796870e-01  9.59689766e-02
  8.79655257e-02  7.84313157e-02  7.68299773e-02  7.55425096e-02  8.01118687e-02
  8.34311843e-02  8.51458311e-02  8.57558623e-02  8.67693573e-02  8.86239335e-02
  9.00886282e-02  9.24220085e-02  9.58085284e-02  9.90238637e-02  1.03546016e-01
  1.09377213e-01  1.15042642e-01  1.20402068e-01  1.25536472e-01  1.30546495e-01
  1.35529056e-01  1.40578583e-01  1.45795152e-01  1.51298419e-01  1.57230198e-01
  1.63067877e-01  1.67663708e-01  1.72334090e-01  1.75705835e-01  1.79142654e-01
  1.81093901e-01  1.82988361e-01  1.85272098e-01  1.87841147e-01  1.90629914e-01
  1.93604544e-01  1.96748257e-01  2.00051755e-01  2.03507200e-01  2.07104713e-01
  2.10830450e-01  2.14665934e-01  2.18587860e-01  2.22568139e-01  2.26574197e-01
  2.30569378e-01  2.34513611e-01  2.38364324e-01  2.42077813e-01  2.45610833e-01
  2.48922512e-01  2.51976281e-01  2.54741728e-01  2.57196248e-01  2.59325802e-01
  2.61125386e-01  2.62598693e-01  2.63756990e-01  2.64617890e-01  2.65203565e-01
  1.19690813e-01  1.13146350e-01  1.05777368e-01  9.71613750e-02  8.66324455e-02
  7.99306780e-02  7.53068849e-02  7.56011456e-02  7.74139464e-02  8.09209049e-02
  8.40210468e-02  8.63800943e-02  8.82926881e-02  9.00828689e-02  9.19673070e-02
  9.40628350e-02  9.64916646e-02  9.93268341e-02  1.02590583e-01  1.06320731e-01
  1.10462986e-01  1.14851914e-01  1.19347677e-01  1.23887524e-01  1.28463045e-01
  1.33093819e-01  1.37811825e-01  1.42651826e-01  1.47640213e-01  1.52752951e-01
  1.57730818e-01  1.62304550e-01  1.66590884e-01  1.70418203e-01  1.73938334e-01
  1.76997438e-01  1.79919139e-01  1.82972342e-01  1.86204225e-01  1.89619392e-01
  1.93215653e-01  1.96989805e-01  2.00937912e-01  2.05054224e-01  2.09329903e-01
  2.13751853e-01  2.18301848e-01  2.22955778e-01  2.27683127e-01  2.32446671e-01
  2.37202346e-01  2.41899744e-01  2.46482998e-01  2.50892669e-01  2.55068153e-01
  2.58951157e-01  2.62489110e-01  2.65638858e-01  2.68369615e-01  2.70664662e-01
  2.72522002e-01  2.73953408e-01  2.74982333e-01  2.75640994e-01  2.75967270e-01
  1.17140733e-01  1.10728152e-01  1.03741273e-01  9.58635435e-02  8.70615020e-02
  8.25898796e-02  8.15137997e-02  8.22809562e-02  8.39399025e-02  8.57483000e-02
  8.76048952e-02  8.94225091e-02  9.11950395e-02  9.29812416e-02  9.48599726e-02
  9.69051346e-02  9.91775915e-02  1.01720534e-01  1.04556784e-01  1.07686885e-01
  1.11085877e-01  1.14708602e-01  1.18506208e-01  1.22440882e-01  1.26490325e-01
  1.30644456e-01  1.34898782e-01  1.39245927e-01  1.43665269e-01  1.48112282e-01
  1.52519897e-01  1.56825349e-01  1.60991147e-01  1.65003493e-01  1.68874219e-01
  1.72643259e-01  1.76383302e-01  1.80176109e-01  1.84083432e-01  1.88143492e-01
  1.92378625e-01  1.96801513e-01  2.01418504e-01  2.06230760e-01  2.11234406e-01
  2.16420099e-01  2.21772060e-01  2.27267101e-01  2.32873350e-01  2.38549024e-01
  2.44241342e-01  2.49886006e-01  2.55407572e-01  2.60721564e-01  2.65738159e-01
  2.70368278e-01  2.74530470e-01  2.78158277e-01  2.81206310e-01  2.83654064e-01
  2.85506546e-01  2.86792189e-01  2.87557721e-01  2.87862241e-01  2.87770480e-01
  1.15185305e-01  1.09445125e-01  1.03854150e-01  9.84244719e-02  9.35065746e-02
  9.06153023e-02  8.96072611e-02  8.94291103e-02  8.98198783e-02  9.06041414e-02
  9.16453227e-02  9.28590298e-02  9.42055508e-02  9.56791416e-02  9.72952023e-02
  9.90785062e-02  1.01054512e-01  1.03243649e-01  1.05657764e-01  1.08298421e-01
  1.11157082e-01  1.14217490e-01  1.17459863e-01  1.20864950e-01  1.24416381e-01
  1.28100649e-01  1.31905317e-01  1.35816291e-01  1.39815211e-01  1.43878549e-01
  1.47980124e-01  1.52096480e-01  1.56212568e-01  1.60325408e-01  1.64445654e-01
  1.68597341e-01  1.72815040e-01  1.77137971e-01  1.81603551e-01  1.86243474e-01
  1.91082671e-01  1.96139798e-01  2.01428011e-01  2.06955418e-01  2.12724954e-01
  2.18733862e-01  2.24972457e-01  2.31422633e-01  2.38055453e-01  2.44828448e-01
  2.51682252e-01  2.58537501e-01  2.65292406e-01  2.71823436e-01  2.77990103e-01
  2.83645898e-01  2.88653344e-01  2.92900443e-01  2.96314031e-01  2.98867941e-01
  3.00584227e-01  3.01527351e-01  3.01792234e-01  3.01489234e-01  3.00730318e-01
  1.12178363e-01  1.06842041e-01  1.02967076e-01  1.00125395e-01  9.78535116e-02
  9.61521119e-02  9.50710475e-02  9.45405811e-02  9.44516435e-02  9.47081819e-02
  9.52352062e-02  9.59793702e-02  9.69078094e-02  9.80050340e-02  9.92684439e-02
  1.00703359e-01  1.02318630e-01  1.04123019e-01  1.06122755e-01  1.08320162e-01
  1.10713355e-01  1.13296829e-01  1.16062671e-01  1.19001843e-01  1.22105099e-01
  1.25363335e-01  1.28767386e-01  1.32307515e-01  1.35973200e-01  1.39753431e-01
  1.43637970e-01  1.47619128e-01  1.51693895e-01  1.55865401e-01  1.60143718e-01
  1.64545566e-01  1.69093072e-01  1.73811585e-01  1.78727537e-01  1.83866501e-01
  1.89252034e-01  1.94905087e-01  2.00843796e-01  2.07083195e-01  2.13634938e-01
  2.20506445e-01  2.27699697e-01  2.35209137e-01  2.43018493e-01  2.51096070e-01
  2.59387970e-01  2.67808974e-01  2.76231617e-01  2.84476638e-01  2.92313099e-01
  2.99477696e-01  3.05714160e-01  3.10815424e-01  3.14652622e-01  3.17190558e-01
  3.18491787e-01  3.18705440e-01  3.18034977e-01  3.16695601e-01  3.14881474e-01
  1.05949916e-01  9.84621868e-02  9.96154398e-02  1.00367151e-01  9.98312458e-02
  9.91190746e-02  9.85087603e-02  9.80950966e-02  9.79016945e-02  9.79223847e-02
  9.81411412e-02  9.85417888e-02  9.91123542e-02  9.98464525e-02  1.00742891e-01
  1.01804405e-01  1.03036001e-01  1.04443371e-01  1.06031634e-01  1.07804485e-01
  1.09763801e-01  1.11909710e-01  1.14240833e-01  1.16754733e-01  1.19448327e-01
  1.22318164e-01  1.25360578e-01  1.28571853e-01  1.31948426e-01  1.35487348e-01
  1.39186874e-01  1.43047377e-01  1.47072122e-01  1.51267976e-01  1.55645713e-01
  1.60219952e-01  1.65008724e-01  1.70032606e-01  1.75313964e-01  1.80876076e-01
  1.86742559e-01  1.92936972e-01  1.99482679e-01  2.06402689e-01  2.13719517e-01
  2.21454889e-01  2.29628995e-01  2.38259196e-01  2.47357324e-01  2.56925076e-01
  2.66945601e-01  2.77368546e-01  2.88082898e-01  2.98870385e-01  3.09343904e-01
  3.18951368e-01  3.27141345e-01  3.33518088e-01  3.37856054e-01  3.40090871e-01
  3.40353817e-01  3.39011312e-01  3.36567611e-01  3.33467633e-01  3.30024451e-01
  1.10328123e-01  1.05580531e-01  1.03158385e-01  1.02262683e-01  1.01835236e-01
  1.01470605e-01  1.01117626e-01  1.00807987e-01  1.00576788e-01  1.00448191e-01
  1.00436792e-01  1.00551397e-01  1.00798212e-01  1.01182893e-01  1.01711497e-01
  1.02390736e-01  1.03227817e-01  1.04230009e-01  1.05404213e-01  1.06756642e-01
  1.08292587e-01  1.10016361e-01  1.11931354e-01  1.14040203e-01  1.16344944e-01
  1.18847303e-01  1.21548846e-01  1.24451242e-01  1.27556533e-01  1.30867377e-01
  1.34387568e-01  1.38122335e-01  1.42078921e-01  1.46266758e-01  1.50697887e-01
  1.55386820e-01  1.60350591e-01  1.65608466e-01  1.71181753e-01  1.77093595e-01
  1.83368877e-01  1.90034270e-01  1.97118565e-01  2.04652950e-01  2.12671697e-01
  2.21212849e-01  2.30319023e-01  2.40038320e-01  2.50425071e-01  2.61539996e-01
  2.73449123e-01  2.86219120e-01  2.99905211e-01  3.14522445e-01  3.29899341e-01
  3.44116807e-01  3.55525732e-01  3.63850892e-01  3.68879378e-01  3.70393902e-01
  3.68159682e-01  3.62952977e-01  3.57109785e-01  3.51184338e-01  3.45424175e-01
  1.07524179e-01  1.00785159e-01  1.02209143e-01  1.03701308e-01  1.03921369e-01
  1.03796750e-01  1.03528284e-01  1.03198268e-01  1.02857932e-01  1.02544725e-01
  1.02287069e-01  1.02106944e-01  1.02021873e-01  1.02046520e-01  1.02193758e-01
  1.02475367e-01  1.02902427e-01  1.03485443e-01  1.04234353e-01  1.05158560e-01
  1.06266871e-01  1.07567459e-01  1.09067850e-01  1.10774919e-01  1.12695053e-01
  1.14834391e-01  1.17199011e-01  1.19795114e-01  1.22629195e-01  1.25708222e-01
  1.29039899e-01  1.32632867e-01  1.36497051e-01  1.40643865e-01  1.45086482e-01
  1.49839878e-01  1.54920995e-01  1.60348833e-01  1.66144490e-01  1.72331348e-01
  1.78935409e-01  1.85985684e-01  1.93514913e-01  2.01560557e-01  2.10166141e-01
  2.19383106e-01  2.29273409e-01  2.39913091e-01  2.51397371e-01  2.63848186e-01
  2.77425557e-01  2.92346120e-01  3.08913171e-01  3.27551425e-01  3.48578721e-01
  3.69308889e-01  3.83454442e-01  3.95056188e-01  4.00979072e-01  4.01986510e-01
  3.98741335e-01  3.88233155e-01  3.77493590e-01  3.67934257e-01  3.59468251e-01
  1.14083081e-01  1.09655425e-01  1.07607342e-01  1.07037283e-01  1.06812611e-01
  1.06518134e-01  1.06095552e-01  1.05575033e-01  1.04999803e-01  1.04409397e-01
  1.03836991e-01  1.03310011e-01  1.02851368e-01  1.02480650e-01  1.02215126e-01
  1.02070414e-01  1.02060996e-01  1.02200568e-01  1.02502190e-01  1.02978513e-01
  1.03641927e-01  1.04504578e-01  1.05577916e-01  1.06872551e-01  1.08398311e-01
  1.10165022e-01  1.12182684e-01  1.14461422e-01  1.17011555e-01  1.19843550e-01
  1.22968100e-01  1.26396269e-01  1.30139858e-01  1.34211585e-01  1.38625339e-01
  1.43396363e-01  1.48541406e-01  1.54078946e-01  1.60029426e-01  1.66415662e-01
  1.73263267e-01  1.80601373e-01  1.88463509e-01  1.96888909e-01  2.05924228e-01
  2.15625942e-01  2.26063728e-01  2.37325162e-01  2.49522552e-01  2.62803018e-01
  2.77363956e-01  2.93476939e-01  3.11526656e-01  3.32072645e-01  3.55834007e-01
  3.81180167e-01  3.98828000e-01  4.12672967e-01  4.20838416e-01  4.22184616e-01
  4.19924736e-01  4.07795250e-01  3.93230498e-01  3.80488247e-01  3.69765699e-01
  1.15072310e-01  1.09428912e-01  1.09471887e-01  1.10378638e-01  1.10258885e-01
  1.09721735e-01  1.08966395e-01  1.08084098e-01  1.07131414e-01  1.06149636e-01
  1.05171502e-01  1.04224280e-01  1.03331424e-01  1.02513760e-01  1.01790227e-01
  1.01178437e-01  1.00695141e-01  1.00356437e-01  1.00177869e-01  1.00174762e-01
  1.00362882e-01  1.00760080e-01  1.01382069e-01  1.02242924e-01  1.03353128e-01
  1.04725651e-01  1.06374353e-01  1.08313344e-01  1.10556699e-01  1.13118187e-01
  1.16010956e-01  1.19247317e-01  1.22840077e-01  1.26802653e-01  1.31149083e-01
  1.35894284e-01  1.41054168e-01  1.46645933e-01  1.52688265e-01  1.59201831e-01
  1.66209728e-01  1.73738152e-01  1.81817293e-01  1.90482467e-01  1.99775681e-01
  2.09747583e-01  2.20460251e-01  2.31990829e-01  2.44436383e-01  2.57920653e-01
  2.72602797e-01  2.88688660e-01  3.06443155e-01  3.26203197e-01  3.48415315e-01
  3.73744220e-01  3.97000372e-01  4.09493327e-01  4.22108918e-01  4.23459291e-01
  4.23074573e-01  4.15367782e-01  3.99569064e-01  3.85419607e-01  3.73872578e-01
  1.23473503e-01  1.19355068e-01  1.17146567e-01  1.15936071e-01  1.14794195e-01
  1.13533109e-01  1.12169400e-01  1.10737272e-01  1.09266408e-01  1.07782327e-01
  1.06307924e-01  1.04864419e-01  1.03471830e-01  1.02149293e-01  1.00915283e-01
  9.97878611e-02  9.87849608e-02  9.79249403e-02  9.72245336e-02  9.66992378e-02
  9.63626802e-02  9.62531418e-02  9.63888019e-02  9.67938974e-02  9.74579304e-02
  9.84028354e-02  9.96485725e-02  1.01214267e-01  1.03118636e-01  1.05379894e-01
  1.08014204e-01  1.11030616e-01  1.14442378e-01  1.18263565e-01  1.22507744e-01
  1.27188861e-01  1.32321298e-01  1.37919962e-01  1.44000590e-01  1.50580034e-01
  1.57676667e-01  1.65310889e-01  1.73505753e-01  1.82287648e-01  1.91687286e-01
  2.01740608e-01  2.12490171e-01  2.23986402e-01  2.36289144e-01  2.49469042e-01
  2.63608307e-01  2.78800428e-01  2.95147896e-01  3.12758774e-01  3.31754237e-01
  3.52418870e-01  3.76329094e-01  3.90240490e-01  3.98871630e-01  4.08931106e-01
  4.04258251e-01  4.06607777e-01  3.92639905e-01  3.79754543e-01  3.70180875e-01
  1.31099537e-01  1.27552882e-01  1.24552414e-01  1.22004740e-01  1.19726285e-01
  1.17574327e-01  1.15471937e-01  1.13386936e-01  1.11310981e-01  1.09247848e-01
  1.07207596e-01  1.05203703e-01  1.03251591e-01  1.01367787e-01  9.95694101e-02
  9.78737995e-02  9.62981060e-02  9.48701799e-02  9.36063603e-02  9.25252289e-02
  9.16473866e-02  9.09964889e-02  9.05947387e-02  9.04631019e-02  9.06191543e-02
  9.10831019e-02  9.18762535e-02  9.30208415e-02  9.45407823e-02  9.64639559e-02
  9.88273546e-02  1.01596370e-01  1.04796953e-01  1.08448558e-01  1.12561107e-01
  1.17147289e-01  1.22219846e-01  1.27790391e-01  1.33870542e-01  1.40472069e-01
  1.47606984e-01  1.55287862e-01  1.63528100e-01  1.72342286e-01  1.81746259e-01
  1.91757157e-01  2.02393219e-01  2.13673100e-01  2.25614488e-01  2.38231450e-01
  2.51529634e-01  2.65498012e-01  2.80094415e-01  2.95219421e-01  3.10663342e-01
  3.25982809e-01  3.40268373e-01  3.52282852e-01  3.61476541e-01  3.67691517e-01
  3.70801508e-01  3.71079117e-01  3.68740439e-01  3.64759654e-01  3.60320479e-01
  1.36648864e-01  1.33196428e-01  1.30002350e-01  1.26987725e-01  1.24096863e-01
  1.21293955e-01  1.18544973e-01  1.15827650e-01  1.13131739e-01  1.10456407e-01
  1.07807465e-01  1.05195254e-01  1.02633186e-01  1.00136764e-01  9.77229625e-02
  9.54098031e-02  9.32214931e-02  9.11768451e-02  8.92963633e-02  8.76023322e-02
  8.61186385e-02  8.48704204e-02  8.38831887e-02  8.31822604e-02  8.27924684e-02
  8.27385858e-02  8.30452293e-02  8.37366581e-02  8.48366022e-02  8.63679498e-02
  8.83516595e-02  9.08029154e-02  9.37454253e-02  9.72144231e-02  1.01172447e-01
  1.05640650e-01  1.10634245e-01  1.16157539e-01  1.22217499e-01  1.28820613e-01
  1.35971278e-01  1.43673167e-01  1.51929200e-01  1.60741493e-01  1.70110896e-01
  1.80036366e-01  1.90513805e-01  2.01534405e-01  2.13081926e-01  2.25128800e-01
  2.37630069e-01  2.50514627e-01  2.63672560e-01  2.76937157e-01  2.90062815e-01
  3.02707016e-01  3.14443916e-01  3.24840307e-01  3.33558410e-01  3.40401828e-01
  3.45317066e-01  3.48392993e-01  3.49857837e-01  3.50062191e-01  3.49397629e-01
  1.41366154e-01  1.37932852e-01  1.34548753e-01  1.31205648e-01  1.27885044e-01
  1.24574400e-01  1.21266045e-01  1.17956638e-01  1.14647441e-01  1.11344106e-01
  1.08055994e-01  1.04795463e-01  1.01577289e-01  9.84181389e-02  9.53363478e-02
  9.23536047e-02  8.94880220e-02  8.67608041e-02  8.41957927e-02  8.18191394e-02
  7.96588734e-02  7.77444318e-02  7.61060864e-02  7.47744069e-02  7.37798288e-02
  7.31522664e-02  7.29207620e-02  7.31130242e-02  7.37550333e-02  7.48705640e-02
  7.64807835e-02  7.86040127e-02  8.12570080e-02  8.44542459e-02  8.82042497e-02
  9.25247744e-02  9.74480733e-02  1.02922834e-01  1.08962707e-01  1.15574434e-01
  1.22749940e-01  1.30483851e-01  1.38769016e-01  1.47596300e-01  1.56953752e-01
  1.66825682e-01  1.77191302e-01  1.88022926e-01  1.99283436e-01  2.10923076e-01
  2.22875088e-01  2.35050485e-01  2.47332156e-01  2.59569257e-01  2.71574527e-01
  2.83128023e-01  2.93992311e-01  3.03938419e-01  3.12775284e-01  3.20372701e-01
  3.26673537e-01  3.31695884e-01  3.35526288e-01  3.38302523e-01  3.40186805e-01
  1.45604402e-01  1.42107308e-01  1.38611197e-01  1.35014176e-01  1.31313682e-01
  1.27532408e-01  1.23685263e-01  1.19786471e-01  1.15850665e-01  1.11893065e-01
  1.07929632e-01  1.03977188e-01  1.00053556e-01  9.61776525e-02  9.23708528e-02
  8.86493623e-02  8.50336328e-02  8.15479755e-02  7.82201439e-02  7.50807971e-02
  7.21630231e-02  6.95016980e-02  6.71329424e-02  6.50934204e-02  6.34197444e-02
  6.21478371e-02  6.13123253e-02  6.09459132e-02  6.10787906e-02  6.17380664e-02
  6.29472733e-02  6.47260994e-02  6.70902357e-02  7.00513348e-02  7.36171529e-02
  7.77932480e-02  8.25827420e-02  8.79827961e-02  9.40032303e-02  1.00675754e-01
  1.07917473e-01  1.15730144e-01  1.24096788e-01  1.32999986e-01  1.42418101e-01
  1.52325183e-01  1.62689790e-01  1.73473641e-01  1.84629887e-01  1.96101055e-01
  2.07816750e-01  2.19691336e-01  2.31622025e-01  2.43488118e-01  2.55152315e-01
  2.66465366e-01  2.77273983e-01  2.87431806e-01  2.96811044e-01  3.05312335e-01
  3.12871069e-01  3.19459260e-01  3.25082928e-01  3.29775631e-01  3.33589584e-01
  1.50010094e-01  1.46466121e-01  1.42724738e-01  1.38783425e-01  1.34651035e-01
  1.30353183e-01  1.25921637e-01  1.21387184e-01  1.16777346e-01  1.12116493e-01
  1.07426718e-01  1.02728859e-01  9.80434045e-02  9.33912471e-02  8.87884721e-02
  8.42529833e-02  7.98079669e-02  7.54814148e-02  7.13055655e-02  6.73163310e-02
  6.35526329e-02  6.00557402e-02  5.68684973e-02  5.40345572e-02  5.15976474e-02
  4.96007092e-02  4.80851084e-02  4.70898412e-02  4.66507748e-02  4.67999279e-02
  4.75648195e-02  4.89679649e-02  5.10264635e-02  5.37517779e-02  5.71497381e-02
  6.12208620e-02  6.59608096e-02  7.13613257e-02  7.74131641e-02  8.41072798e-02
  9.14323255e-02  9.94054899e-02  1.07935250e-01  1.17009200e-01  1.26596123e-01
  1.36663824e-01  1.47174731e-01  1.58085853e-01  1.69347584e-01  1.80902764e-01
  1.92685679e-01  2.04621196e-01  2.16624305e-01  2.28600428e-01  2.40446702e-01
  2.52054602e-01  2.63313651e-01  2.74115831e-01  2.84360081e-01  2.93956131e-01
  3.02826911e-01  3.10909659e-01  3.18155885e-01  3.24530751e-01  3.30012530e-01
  1.54734790e-01  1.51114300e-01  1.47178203e-01  1.42839924e-01  1.38157591e-01
  1.33219182e-01  1.28092498e-01  1.22828402e-01  1.17464691e-01  1.12030528e-01
  1.06549978e-01  1.01044483e-01  9.55346450e-02  9.00370330e-02  8.45646411e-02
  7.91373327e-02  7.37813786e-02  6.85289130e-02  6.34172633e-02  5.84882461e-02
  5.37873954e-02  4.93631251e-02  4.52658981e-02  4.15472537e-02  3.82588878e-02
  3.54516841e-02  3.31747606e-02  3.14745046e-02  3.03936582e-02  2.99704336e-02
  3.02376971e-02  3.12222634e-02  3.29442993e-02  3.54168862e-02  3.86457741e-02
  4.26293686e-02  4.73589785e-02  5.28194197e-02  5.89900985e-02  6.58463165e-02
  7.33610913e-02  8.15090239e-02  9.02654901e-02  9.96392444e-02  1.09525390e-01
  1.19900882e-01  1.30722135e-01  1.41945451e-01  1.53521866e-01  1.65397987e-01
  1.77515864e-01  1.89812571e-01  2.02220008e-01  2.14664951e-01  2.27069661e-01
  2.39352554e-01  2.51429290e-01  2.63213515e-01  2.74617285e-01  2.85550922e-01
  2.95922101e-01  3.05635154e-01  3.14590871e-01  3.22689056e-01  3.29834104e-01
  1.60731122e-01  1.57144889e-01  1.52724653e-01  1.47616476e-01  1.42060935e-01
  1.36236280e-01  1.30239367e-01  1.24120623e-01  1.17909588e-01  1.11627020e-01
  1.05290167e-01  9.89152193e-02  9.25185755e-02  8.61067846e-02  7.96926096e-02
  7.32975975e-02  6.69512525e-02  6.06902242e-02  5.45574576e-02  4.86012921e-02
  4.28745784e-02  3.74336280e-02  3.23372111e-02  2.76454818e-02  2.34189015e-02
  1.97171327e-02  1.65979173e-02  1.41159724e-02  1.23219062e-02  1.12611661e-02
  1.09730735e-02  1.14899380e-02  1.28362933e-02  1.50282849e-02  1.80732291e-02
  2.19693854e-02  2.67059617e-02  3.22634019e-02  3.86140309e-02  4.57230732e-02
  5.35501949e-02  6.20518103e-02  7.11840838e-02  8.09081718e-02  9.11910534e-02
  1.02043487e-01  1.13342129e-01  1.25061125e-01  1.37148783e-01  1.49556264e-01
  1.62234738e-01  1.75134256e-01  1.88203067e-01  2.01387495e-01  2.14631706e-01
  2.27877334e-01  2.41062731e-01  2.54121423e-01  2.66979486e-01  2.79551208e-01
  2.91733652e-01  3.03399831e-01  3.14393371e-01  3.24528784e-01  3.33602637e-01
  1.69256166e-01  1.66193590e-01  1.60292983e-01  1.53258458e-01  1.46224469e-01
  1.39231369e-01  1.32220715e-01  1.25161901e-01  1.18043073e-01  1.10862076e-01
  1.03622273e-01  9.63307470e-02  8.89921412e-02  8.16066340e-02  7.41867721e-02
  6.67560399e-02  5.93475886e-02  5.20031191e-02  4.47717868e-02  3.77091058e-02
  3.08757909e-02  2.43366361e-02  1.81593411e-02  1.24133220e-02  7.16848345e-03
  2.49397545e-03 -1.54307229e-03 -4.87881526e-03 -7.45394593e-03 -9.21490509e-03
 -1.01150256e-02 -1.01155788e-02 -9.18668974e-03 -7.30809662e-03 -4.46972530e-03
 -6.72056049e-04  4.07373579e-03  9.74589493e-03  1.63124949e-02  2.37322003e-02
  3.19554806e-02  4.09263931e-02  5.05850948e-02  6.08713664e-02  7.17291310e-02
  8.31137449e-02  9.49944630e-02  1.07403211e-01  1.20183557e-01  1.33301452e-01
  1.46721661e-01  1.60408974e-01  1.74328879e-01  1.88447624e-01  2.02732205e-01
  2.17149734e-01  2.31666163e-01  2.46243805e-01  2.60836840e-01  2.75384039e-01
  2.89796948e-01  3.03941429e-01  3.17611456e-01  3.30500454e-01  3.42199087e-01
  1.75706953e-01  1.72940716e-01  1.65926009e-01  1.57648489e-01  1.49599478e-01
  1.41658574e-01  1.33733109e-01  1.25776306e-01  1.17762864e-01  1.09679542e-01
  1.01520859e-01  9.32869241e-02  8.49687308e-02  7.65649453e-02  6.80890977e-02
  5.95675930e-02  5.10380827e-02  4.25480939e-02  3.41536179e-02  2.59178393e-02
  1.79098584e-02  1.02034276e-02  2.87567149e-03 -3.99422320e-03 -1.03263455e-02
 -1.60414372e-02 -2.10622996e-02 -2.53152214e-02 -2.87314188e-02 -3.12484372e-02
 -3.28114927e-02 -3.33747193e-02 -3.29022184e-02 -3.13689671e-02 -2.87614707e-02
 -2.50781775e-02 -2.03296728e-02 -1.45386187e-02 -7.73942005e-03  2.23732040e-05
  8.69104266e-03  1.82021409e-02  2.84845512e-02  3.94634195e-02  5.10642007e-02
  6.32183924e-02  7.58713260e-02  8.89948606e-02  1.02597371e-01  1.16557688e-01
  1.30849674e-01  1.45450994e-01  1.60343468e-01  1.75513580e-01  1.90952823e-01
  2.06657872e-01  2.22630203e-01  2.38875002e-01  2.55398393e-01  2.72202075e-01
  2.89272666e-01  3.06561410e-01  3.23940903e-01  3.41088861e-01  3.57135504e-01
  1.78211376e-01  1.74863964e-01  1.68479353e-01  1.60420954e-01  1.51927099e-01
  1.43317133e-01  1.34635240e-01  1.25874057e-01  1.17019825e-01  1.08061530e-01
  9.89921466e-02  8.98081809e-02  8.04911554e-02  7.10414350e-02  6.14756607e-02
  5.18246405e-02  4.21316400e-02  3.24507207e-02  2.28452496e-02  1.33865038e-02
  4.15230403e-03 -4.77433112e-03 -1.33065423e-02 -2.13550068e-02 -2.88293641e-02
 -3.56396884e-02 -4.16980386e-02 -4.69200648e-02 -5.12266532e-02 -5.45456223e-02
 -5.68132997e-02 -5.79760224e-02 -5.79914302e-02 -5.68294637e-02 -5.44730723e-02
 -5.09186313e-02 -4.61760312e-02 -4.02685180e-02 -3.32323350e-02 -2.51160953e-02
 -1.59799531e-02 -5.89443138e-03  5.06121991e-03  1.68013349e-02  2.92371009e-02
  4.22811136e-02  5.58536686e-02  6.98913336e-02  8.43581036e-02  9.92614850e-02
  1.14511482e-01  1.30097151e-01  1.46015167e-01  1.62271008e-01  1.78880155e-01
  1.95869625e-01  2.13279977e-01  2.31167465e-01  2.49606729e-01  2.68693984e-01
  2.88550854e-01  3.09329361e-01  3.31216335e-01  3.54432046e-01  3.78187776e-01
  1.83609053e-01  1.80898413e-01  1.72461629e-01  1.62862882e-01  1.53616384e-01
  1.44359455e-01  1.34996429e-01  1.25499010e-01  1.15854584e-01  1.06055260e-01
  9.60957110e-02  8.59630778e-02  7.56408945e-02  6.51328638e-02  5.44600710e-02
  4.36588563e-02  3.27787623e-02  2.18808651e-02  1.10361855e-02  3.24244582e-04
 -1.01683531e-02 -2.03492828e-02 -3.01218759e-02 -3.93864959e-02 -4.80419993e-02
 -5.59872575e-02 -6.31228462e-02 -6.93528280e-02 -7.45867491e-02 -7.87416175e-02
 -8.17439780e-02 -8.35317448e-02 -8.40557665e-02 -8.32810029e-02 -8.11872333e-02
 -7.77693838e-02 -7.30373636e-02 -6.70157224e-02 -5.97429872e-02 -5.12708835e-02
 -4.16634642e-02 -3.09960861e-02 -1.93541553e-02 -6.83139451e-03  6.47260481e-03
  2.04559080e-02  3.50192487e-02  5.00730425e-02  6.55470565e-02  8.14040601e-02
  9.76591930e-02  1.14248686e-01  1.31180897e-01  1.48476243e-01  1.66169077e-01
  1.84310660e-01  2.02973157e-01  2.22255215e-01  2.42289767e-01  2.63255149e-01
  2.85391867e-01  3.09029818e-01  3.34646612e-01  3.63112420e-01  3.98418367e-01
  1.83269650e-01  1.79487854e-01  1.72726333e-01  1.64068729e-01  1.54666245e-01
  1.44930512e-01  1.34958863e-01  1.24771543e-01  1.14371412e-01  1.03756867e-01
  9.29249227e-02  8.18546563e-02  7.05336332e-02  5.89702502e-02  4.71910350e-02
  3.52382883e-02  2.31681056e-02  1.10486103e-02 -1.04163541e-03 -1.30151045e-02
 -2.47766934e-02 -3.62250581e-02 -4.72538993e-02 -5.77532835e-02 -6.76110163e-02
 -7.67141655e-02 -8.49508569e-02 -9.22123566e-02 -9.83954892e-02 -1.03405237e-01
 -1.07157446e-01 -1.09581225e-01 -1.10620745e-01 -1.10236511e-01 -1.08405933e-01
 -1.05123445e-01 -1.00400113e-01 -9.42630023e-02 -8.67541879e-02 -7.79295713e-02
 -6.78576753e-02 -5.66186123e-02 -4.43030261e-02 -3.10108811e-02 -1.68498177e-02
 -1.93263509e-03  1.36265168e-02  2.97177695e-02  4.62436341e-02  6.31304383e-02
  8.03445131e-02  9.79154631e-02  1.15798831e-01  1.34023175e-01  1.52632266e-01
  1.71688467e-01  1.91277564e-01  2.11515516e-01  2.32557848e-01  2.54612744e-01
  2.77958870e-01  3.02968413e-01  3.30132395e-01  3.60103846e-01  3.93981874e-01
  1.89527139e-01  1.86744601e-01  1.76562920e-01  1.65857106e-01  1.55665085e-01
  1.45322666e-01  1.34721890e-01  1.23849414e-01  1.12706266e-01  1.01292320e-01
  8.96043777e-02  7.76137933e-02  6.53120056e-02  5.27120382e-02  3.98456194e-02
  2.67607663e-02  1.35197463e-02  1.97263653e-04 -1.31211476e-02 -2.63405796e-02
 -3.93580720e-02 -5.20638190e-02 -6.43422753e-02 -7.60732442e-02 -8.71330351e-02
 -9.73958671e-02 -1.06735803e-01 -1.15029402e-01 -1.22159109e-01 -1.28016815e-01
 -1.32507905e-01 -1.35554418e-01 -1.37096286e-01 -1.37091681e-01 -1.35516867e-01
 -1.32365927e-01 -1.27650619e-01 -1.21400125e-01 -1.13660663e-01 -1.04493551e-01
 -9.39731076e-02 -8.21854100e-02 -6.92268685e-02 -5.52032106e-02 -4.02285196e-02
 -2.44238060e-02 -7.91448914e-03  9.17375833e-03  2.67214719e-02  4.46248166e-02
  6.28090128e-02  8.12473521e-02  9.99887735e-02  1.18997753e-01  1.38316408e-01
  1.58002630e-01  1.78133979e-01  1.98812976e-01  2.20174536e-01  2.42396414e-01
  2.65714675e-01  2.90447026e-01  3.17022353e-01  3.45933378e-01  3.76633197e-01
  1.87304512e-01  1.83071569e-01  1.75989553e-01  1.66811407e-01  1.56535491e-01
  1.45683423e-01  1.34442449e-01  1.22871824e-01  1.10987164e-01  9.87876579e-02
  8.62647668e-02  7.33817592e-02  6.01323508e-02  4.65329178e-02  3.26193646e-02
  1.84445288e-02  4.07597981e-03 -1.04058664e-02 -2.49094069e-02 -3.93332578e-02
 -5.35674505e-02 -6.74943626e-02 -8.09894502e-02 -9.39218029e-02 -1.06154755e-01
 -1.17546983e-01 -1.27954572e-01 -1.37234956e-01 -1.45255208e-01 -1.51898071e-01
 -1.57065079e-01 -1.60677671e-01 -1.62677035e-01 -1.63023084e-01 -1.61693230e-01
 -1.58681527e-01 -1.53998122e-01 -1.47669569e-01 -1.39739588e-01 -1.30269796e-01
 -1.19339965e-01 -1.07045777e-01 -9.34929401e-02 -7.87951201e-02 -6.30734190e-02
 -4.64560427e-02 -2.90773343e-02 -1.10753225e-02  7.41291046e-03  2.62586549e-02
  4.53525372e-02  6.46200553e-02  8.40435624e-02  1.03694148e-01  1.23526692e-01
  1.43582046e-01  1.63912073e-01  1.84582204e-01  2.05673099e-01  2.27282792e-01
  2.49529555e-01  2.72557795e-01  2.96554148e-01  3.21793526e-01  3.48397255e-01
  1.94504052e-01  1.91381916e-01  1.81524560e-01  1.69665128e-01  1.57991812e-01
  1.46220624e-01  1.34211987e-01  1.21913806e-01  1.09299026e-01  9.63467583e-02
  8.30245167e-02  6.92953765e-02  5.51521666e-02  4.06127051e-02  2.57157367e-02
  1.05178235e-02 -4.90916846e-03 -2.04801317e-02 -3.60984020e-02 -5.16570807e-02
 -6.70399517e-02 -8.21219310e-02 -9.67689455e-02 -1.10837415e-01 -1.24173470e-01
 -1.36613026e-01 -1.47989288e-01 -1.58144787e-01 -1.66939154e-01 -1.74253419e-01
 -1.79991439e-01 -1.84079573e-01 -1.86464906e-01 -1.87112883e-01 -1.86004937e-01
 -1.83136553e-01 -1.78516418e-01 -1.72166646e-01 -1.64124250e-01 -1.54443443e-01
 -1.43198222e-01 -1.30483896e-01 -1.16415925e-01 -1.01123735e-01 -8.47409815e-02
 -6.74054250e-02 -4.92601432e-02 -3.04534305e-02 -1.11364610e-02  8.54197703e-03
  2.84441095e-02  4.84557860e-02  6.85041323e-02  8.85821879e-02  1.08784549e-01
  1.29027963e-01  1.49330437e-01  1.69714510e-01  1.90200254e-01  2.10797608e-01
  2.31493905e-01  2.52229661e-01  2.72848010e-01  2.92989194e-01  3.11930895e-01
  1.95368931e-01  1.91580623e-01  1.82605639e-01  1.71050251e-01  1.58924177e-01
  1.46536842e-01  1.33887410e-01  1.20941773e-01  1.07665502e-01  9.40269083e-02
  7.99778402e-02  6.54786825e-02  5.05223125e-02  3.51280198e-02  1.93370208e-02
  3.20898276e-03 -1.31807020e-02 -2.97430865e-02 -4.63773161e-02 -6.29717335e-02
 -7.94043094e-02 -9.55421105e-02 -1.11239709e-01 -1.26336247e-01 -1.40652388e-01
 -1.53999418e-01 -1.66195139e-01 -1.77074447e-01 -1.86495677e-01 -1.94343314e-01
 -2.00528100e-01 -2.04985112e-01 -2.07670644e-01 -2.08558500e-01 -2.07636476e-01
 -2.04903439e-01 -2.00367704e-01 -1.94047078e-01 -1.85970500e-01 -1.76181465e-01
 -1.64742336e-01 -1.51738629e-01 -1.37281761e-01 -1.21508010e-01 -1.04571030e-01
 -8.66266936e-02 -6.78304359e-02 -4.83409278e-02 -2.83210743e-02 -7.93546066e-03
  1.26559148e-02  3.33078019e-02  5.39040938e-02  7.43773058e-02  9.47346836e-02
  1.15092628e-01  1.35276973e-01  1.55290768e-01  1.75117090e-01  1.94714978e-01
  2.14009404e-01  2.32875258e-01  2.51116693e-01  2.68449038e-01  2.84503162e-01
  1.97510391e-01  1.93796471e-01  1.84214041e-01  1.72031075e-01  1.59422830e-01
  1.46561235e-01  1.33414954e-01  1.19945899e-01  1.06117405e-01  9.18940157e-02
  7.72184208e-02  6.20515123e-02  4.63876873e-02  3.02484091e-02  1.36774806e-02
 -3.26257432e-03 -2.04933360e-02 -3.79226469e-02 -5.54461107e-02 -7.29478002e-02
 -9.02998596e-02 -1.07360482e-01 -1.23969667e-01 -1.39942542e-01 -1.55073941e-01
 -1.69158295e-01 -1.82004392e-01 -1.93444684e-01 -2.03340203e-01 -2.11582109e-01
 -2.18090370e-01 -2.22810671e-01 -2.25710005e-01 -2.26771951e-01 -2.25992024e-01
 -2.23373905e-01 -2.18927056e-01 -2.12666124e-01 -2.04612643e-01 -1.94798917e-01
 -1.83273613e-01 -1.70108289e-01 -1.55402958e-01 -1.39289096e-01 -1.21927194e-01
 -1.03495680e-01 -8.41707960e-02 -6.41245916e-02 -4.35310341e-02 -2.25671530e-02
 -1.40941271e-03  1.97744630e-02  4.08381633e-02  6.16745502e-02  8.22402164e-02
  1.02591097e-01  1.22623861e-01  1.42301768e-01  1.61582425e-01  1.80406958e-01
  1.98692337e-01  2.16325194e-01  2.33158275e-01  2.49012530e-01  2.63688684e-01
  1.98761746e-01  1.95071459e-01  1.85046658e-01  1.72446623e-01  1.59525648e-01
  1.46341771e-01  1.32839203e-01  1.18976906e-01  1.04718551e-01  9.00284052e-02
  7.48447403e-02  5.91313615e-02  4.28855643e-02  2.61316746e-02  8.91627092e-03
 -8.69543012e-03 -2.66223717e-02 -4.47696894e-02 -6.30299598e-02 -8.12833235e-02
 -9.93959829e-02 -1.17216058e-01 -1.34565696e-01 -1.51234895e-01 -1.67000264e-01
 -1.81645498e-01 -1.94974899e-01 -2.06821606e-01 -2.17051491e-01 -2.25563511e-01
 -2.32287288e-01 -2.37178966e-01 -2.40215927e-01 -2.41391271e-01 -2.40708381e-01
 -2.38176420e-01 -2.33807117e-01 -2.27613568e-01 -2.19611600e-01 -2.09823772e-01
 -1.98285818e-01 -1.85054734e-01 -1.70216709e-01 -1.53893098e-01 -1.36241809e-01
 -1.17451034e-01 -9.77212563e-02 -7.72430673e-02 -5.62023334e-02 -3.47865671e-02
 -1.31846545e-02  8.41898378e-03  2.98549328e-02  5.09836264e-02  7.17145279e-02
  9.20298845e-02  1.12013631e-01  1.31475955e-01  1.50387049e-01  1.68697581e-01
  1.86339855e-01  2.03228474e-01  2.19262332e-01  2.34329283e-01  2.48314142e-01
  1.97798207e-01  1.93591982e-01  1.84295878e-01  1.72222704e-01  1.59316897e-01
  1.45981759e-01  1.32257327e-01  1.18125677e-01  1.03558160e-01  8.85226279e-02
  7.29568899e-02  5.68290241e-02  4.01398875e-02  2.29168423e-02  5.20909950e-03
 -1.29158013e-02 -3.13746557e-02 -5.00704572e-02 -6.88933134e-02 -8.77199471e-02
 -1.06410906e-01 -1.24804080e-01 -1.42703056e-01 -1.59879297e-01 -1.76097587e-01
 -1.91135243e-01 -2.04794973e-01 -2.16912150e-01 -2.27357835e-01 -2.36038178e-01
 -2.42891178e-01 -2.47881711e-01 -2.50995785e-01 -2.52234399e-01 -2.51607805e-01
 -2.49130234e-01 -2.44816184e-01 -2.38678500e-01 -2.30729282e-01 -2.20983803e-01
 -2.09467396e-01 -1.96224600e-01 -1.81328803e-01 -1.64890453e-01 -1.47061214e-01
 -1.28030971e-01 -1.08014353e-01 -8.72228965e-02 -6.58549815e-02 -4.41069119e-02
 -2.21763011e-02 -2.58399086e-04  2.14631036e-02  4.28299904e-02  6.37280792e-02
  8.41113701e-02  1.04034841e-01  1.23354517e-01  1.42037585e-01  1.60040528e-01
  1.77309111e-01  1.93779543e-01  2.09380955e-01  2.24039197e-01  2.37682000e-01
  2.00167760e-01  1.96731746e-01  1.85582116e-01  1.72286347e-01  1.59108683e-01
  1.45658031e-01  1.31802887e-01  1.17502660e-01  1.02732755e-01  8.74665901e-02
  7.16442019e-02  5.52378632e-02  3.82515006e-02  2.07148045e-02  2.67884741e-03
 -1.57872699e-02 -3.45989503e-02 -5.36577962e-02 -7.28522316e-02 -9.20564532e-02
 -1.11126535e-01 -1.29891947e-01 -1.48142055e-01 -1.65637165e-01 -1.82135180e-01
 -1.97410241e-01 -2.11264879e-01 -2.23536819e-01 -2.34101325e-01 -2.42869884e-01
 -2.49786422e-01 -2.54821867e-01 -2.57968128e-01 -2.59231687e-01 -2.58627564e-01
 -2.56173909e-01 -2.51887530e-01 -2.45781615e-01 -2.37866268e-01 -2.28152186e-01
 -2.16657758e-01 -2.03418851e-01 -1.88499570e-01 -1.72001854e-01 -1.54071465e-01
 -1.34897098e-01 -1.14699334e-01 -9.37046781e-02 -7.21222833e-02 -5.01550175e-02
 -2.80060228e-02 -5.87684056e-03  1.60407890e-02  3.75781842e-02  5.86075597e-02
  7.90648609e-02  9.89792347e-02  1.18238509e-01  1.36813581e-01  1.54666990e-01
  1.71753794e-01  1.88023150e-01  2.03420684e-01  2.17891544e-01  2.31384099e-01
  1.95824921e-01  1.91017672e-01  1.82587728e-01  1.71459153e-01  1.58883691e-01
  1.45523950e-01  1.31611168e-01  1.17208064e-01  1.02318875e-01  8.69248658e-02
  7.09672719e-02  5.44196442e-02  3.72866355e-02  1.95984636e-02  1.40663376e-03
 -1.72193702e-02 -3.61945666e-02 -5.54201044e-02 -7.47837573e-02 -9.41585600e-02
 -1.13398336e-01 -1.32328063e-01 -1.50730237e-01 -1.68360382e-01 -1.84973583e-01
 -2.00342938e-01 -2.14271337e-01 -2.26597980e-01 -2.37200394e-01 -2.45992780e-01
 -2.52921969e-01 -2.57961810e-01 -2.61106908e-01 -2.62366354e-01 -2.61757493e-01
 -2.59300232e-01 -2.55012572e-01 -2.48908013e-01 -2.40995869e-01 -2.31284797e-01
 -2.19790101e-01 -2.06543699e-01 -1.91605359e-01 -1.75073028e-01 -1.57089487e-01
 -1.37842432e-01 -1.17554381e-01 -9.64579880e-02 -7.47679025e-02 -5.26900627e-02
 -3.04299686e-02 -8.19166936e-03  1.38299558e-02  3.54621559e-02  5.65718412e-02
  7.70879313e-02  9.70298648e-02  1.16296604e-01  1.34861395e-01  1.52689517e-01
  1.69739559e-01  1.85965136e-01  2.01317251e-01  2.15747118e-01  2.29209349e-01
  2.03369901e-01  2.00635910e-01  1.87720880e-01  1.73280329e-01  1.59618929e-01
  1.45856857e-01  1.31765485e-01  1.17270134e-01  1.02329925e-01  8.69087055e-02
  7.09396228e-02  5.43919280e-02  3.72676961e-02  1.95954666e-02  1.42556988e-03
 -1.71733629e-02 -3.61170098e-02 -5.53070530e-02 -7.46317282e-02 -9.39645320e-02
 -1.13159850e-01 -1.32043481e-01 -1.50399134e-01 -1.67983338e-01 -1.84552014e-01
 -1.99878827e-01 -2.13767052e-01 -2.26055995e-01 -2.36623108e-01 -2.45382369e-01
 -2.52280265e-01 -2.57290184e-01 -2.60406345e-01 -2.61637270e-01 -2.60999799e-01
 -2.58513391e-01 -2.54195690e-01 -2.48060048e-01 -2.40115821e-01 -2.30372161e-01
 -2.18845189e-01 -2.05567956e-01 -1.90601572e-01 -1.74045339e-01 -1.56043157e-01
 -1.36783242e-01 -1.16487652e-01 -9.53869447e-02 -7.36936778e-02 -5.16125411e-02
 -2.93480288e-02 -7.10309483e-03  1.49288075e-02  3.65768559e-02  5.77106662e-02
  7.82630667e-02  9.82594937e-02  1.17592752e-01  1.36234790e-01  1.54148951e-01
  1.71290934e-01  1.87610492e-01  2.03053698e-01  2.17566162e-01  2.31096640e-01
  1.99151754e-01  1.94893718e-01  1.85561642e-01  1.73229977e-01  1.59899622e-01
  1.46140739e-01  1.32035464e-01  1.17564194e-01  1.02688186e-01  8.73650536e-02
  7.15227351e-02  5.51254191e-02  3.81714851e-02  2.06867028e-02  2.71928660e-03
 -1.56638343e-02 -3.43797728e-02 -5.33315428e-02 -7.24088252e-02 -9.14870650e-02
 -1.10423893e-01 -1.29051015e-01 -1.47161216e-01 -1.64517879e-01 -1.80881411e-01
 -1.96027726e-01 -2.09760502e-01 -2.21917897e-01 -2.32374996e-01 -2.41042674e-01
 -2.47863859e-01 -2.52808303e-01 -2.55866468e-01 -2.57043421e-01 -2.56352752e-01
 -2.53811270e-01 -2.49434859e-01 -2.43236348e-01 -2.35226303e-01 -2.25416869e-01
 -2.13828966e-01 -2.00501829e-01 -1.85503408e-01 -1.68939516e-01 -1.50958896e-01
 -1.31751359e-01 -1.11535497e-01 -9.05311182e-02 -6.89419210e-02 -4.69672792e-02
 -2.48073060e-02 -2.66003632e-03  1.92873739e-02  4.08723913e-02  6.19755946e-02
  8.25447142e-02  1.02627061e-01  1.22090727e-01  1.40904576e-01  1.59026414e-01
  1.76403165e-01  1.92972034e-01  2.08663076e-01  2.23402962e-01  2.37120181e-01
  2.01902121e-01  1.98729739e-01  1.87394872e-01  1.73602015e-01  1.59974173e-01
  1.46235034e-01  1.32248983e-01  1.17948852e-01  1.03283688e-01  8.82063583e-02
  7.26431906e-02  5.65547831e-02  3.99364829e-02  2.28114668e-02  5.22570685e-03
 -1.27558485e-02 -3.10521293e-02 -4.95679751e-02 -6.81951940e-02 -8.68122578e-02
 -1.05281822e-01 -1.23444907e-01 -1.41110092e-01 -1.58054009e-01 -1.74045563e-01
 -1.88865259e-01 -2.02317804e-01 -2.14239508e-01 -2.24501431e-01 -2.33008862e-01
 -2.39698336e-01 -2.44532868e-01 -2.47496322e-01 -2.48587459e-01 -2.47814372e-01
 -2.45189518e-01 -2.40726203e-01 -2.34437138e-01 -2.26335600e-01 -2.16439575e-01
 -2.04778627e-01 -1.91402733e-01 -1.76391229e-01 -1.59860149e-01 -1.41964957e-01
 -1.22895919e-01 -1.02862112e-01 -8.20643157e-02 -6.06938563e-02 -3.89418676e-02
 -1.70006901e-02  4.94106812e-03  2.67086513e-02  4.81558293e-02  6.91840500e-02
  8.97663683e-02  1.09976724e-01  1.29646465e-01  1.48746848e-01  1.67229921e-01
  1.85029328e-01  2.02060997e-01  2.18225092e-01  2.33410686e-01  2.47503668e-01
  1.98374450e-01  1.94498360e-01  1.84935734e-01  1.72471255e-01  1.59334749e-01
  1.45925269e-01  1.32261649e-01  1.18306868e-01  1.04015440e-01  8.93417671e-02
  7.42150843e-02  5.85948303e-02  4.24748585e-02  2.58766580e-02  8.84441845e-03
 -8.55875388e-03 -2.62536984e-02 -4.41473350e-02 -6.21339791e-02 -8.00956562e-02
 -9.79008600e-02 -1.15401015e-01 -1.32423654e-01 -1.48765758e-01 -1.64209887e-01
 -1.78544268e-01 -1.91576391e-01 -2.03141123e-01 -2.13104770e-01 -2.21365571e-01
 -2.27851555e-01 -2.32516631e-01 -2.35335618e-01 -2.36298978e-01 -2.35407665e-01
 -2.32669011e-01 -2.28093907e-01 -2.21696004e-01 -2.13493422e-01 -2.03512847e-01
 -1.91795930e-01 -1.78406626e-01 -1.63438350e-01 -1.47018492e-01 -1.29307821e-01
 -1.10491760e-01 -9.07592997e-02 -7.02903494e-02 -4.92635407e-02 -2.78598070e-02
 -6.26006490e-03  1.53621873e-02  3.68530862e-02  5.80957830e-02  7.90345147e-02
  9.97091606e-02  1.20034695e-01  1.39978722e-01  1.59501657e-01  1.78546786e-01
  1.97032928e-01  2.14848414e-01  2.31847584e-01  2.47852966e-01  2.62666792e-01
  1.97032258e-01  1.93530396e-01  1.83570161e-01  1.70967922e-01  1.58136010e-01
  1.45174503e-01  1.32005915e-01  1.18568361e-01  1.04812719e-01  9.06966329e-02
  7.61566684e-02  6.11542165e-02  4.56837416e-02  2.97663584e-02  1.34451585e-02
 -3.21832579e-03 -2.01468654e-02 -3.72496471e-02 -5.44237867e-02 -7.15550929e-02
 -8.85178670e-02 -1.05173334e-01 -1.21366180e-01 -1.36919037e-01 -1.51634440e-01
 -1.65312961e-01 -1.77767947e-01 -1.88834667e-01 -1.98375493e-01 -2.06281438e-01
 -2.12471277e-01 -2.16888651e-01 -2.19498128e-01 -2.20280766e-01 -2.19229996e-01
 -2.16348231e-01 -2.11644918e-01 -2.05136433e-01 -1.96847886e-01 -1.86817095e-01
 -1.75099775e-01 -1.61775157e-01 -1.46950364e-01 -1.30761370e-01 -1.13368005e-01
 -9.49391350e-02 -7.56390020e-02 -5.56315631e-02 -3.50838490e-02 -1.41648641e-02
  6.95975078e-03  2.81373169e-02  4.92420830e-02  7.01942369e-02  9.09854621e-02
  1.11714721e-01  1.32241309e-01  1.52568877e-01  1.72681838e-01  1.92540959e-01
  2.12072954e-01  2.31154501e-01  2.49591619e-01  2.67101586e-01  2.83317238e-01
  1.93287686e-01  1.89821392e-01  1.80195332e-01  1.68222606e-01  1.56144112e-01
  1.43928230e-01  1.31471351e-01  1.18722200e-01  1.05648711e-01  9.22239199e-02
  7.83996806e-02  6.41435161e-02  4.94527444e-02  3.43492217e-02  1.88753959e-02
  3.09125194e-03 -1.29281487e-02 -2.90946513e-02 -4.53085639e-02 -6.14597350e-02
 -7.74280578e-02 -9.30832252e-02 -1.08283587e-01 -1.22874103e-01 -1.36684000e-01
 -1.49532422e-01 -1.61243260e-01 -1.71655774e-01 -1.80630907e-01 -1.88054204e-01
 -1.93836153e-01 -1.97910726e-01 -2.00232580e-01 -2.00773910e-01 -1.99521363e-01
 -1.96473643e-01 -1.91640362e-01 -1.85042247e-01 -1.76713064e-01 -1.66702613e-01
 -1.55080527e-01 -1.41939282e-01 -1.27395168e-01 -1.11584686e-01 -9.46534127e-02
 -7.67470598e-02 -5.80139682e-02 -3.86067107e-02 -1.86809842e-02  1.60878012e-03
  2.21175365e-02  4.27218638e-02  6.33371174e-02  8.39408413e-02  1.04604647e-01
  1.25271723e-01  1.45962596e-01  1.66701868e-01  1.87511519e-01  2.08403438e-01
  2.29366809e-01  2.50343978e-01  2.71179974e-01  2.91517287e-01  3.10636371e-01
  1.85321078e-01  1.80935681e-01  1.73626408e-01  1.64171532e-01  1.53592914e-01
  1.42409056e-01  1.30807057e-01  1.18847810e-01  1.06547251e-01  9.39034894e-02
  8.08878019e-02  6.74751177e-02  5.36658168e-02  3.94823104e-02  2.49659885e-02
  1.01747187e-02 -4.81928000e-03 -1.99312400e-02 -3.50653715e-02 -5.01161031e-02
 -6.49689883e-02 -7.95012563e-02 -9.35819820e-02 -1.07071914e-01 -1.19823389e-01
 -1.31680906e-01 -1.42485574e-01 -1.52086079e-01 -1.60346389e-01 -1.67150244e-01
 -1.72402963e-01 -1.76031336e-01 -1.77982360e-01 -1.78221375e-01 -1.76730201e-01
 -1.73505649e-01 -1.68559000e-01 -1.61916360e-01 -1.53620094e-01 -1.43730521e-01
 -1.32327557e-01 -1.19510457e-01 -1.05394341e-01 -9.01015475e-02 -7.37596154e-02
 -5.65017834e-02 -3.84669825e-02 -1.97983254e-02 -6.39149104e-04  1.88739393e-02
  3.86218131e-02  5.85185401e-02  7.85342380e-02  9.87296477e-02  1.19068332e-01
  1.39589027e-01  1.60344794e-01  1.81403205e-01  2.02847213e-01  2.24776998e-01
  2.47312799e-01  2.70600587e-01  2.94828385e-01  3.20272058e-01  3.47054034e-01
  1.86738759e-01  1.83892980e-01  1.73000082e-01  1.62082478e-01  1.51712403e-01
  1.41136259e-01  1.30251691e-01  1.19050778e-01  1.07537538e-01  9.57129002e-02
  8.35593715e-02  7.10541606e-02  5.81979789e-02  4.50120308e-02  3.15353237e-02
  1.78224798e-02  3.94181628e-03 -1.00263152e-02 -2.39910148e-02 -3.78521457e-02
 -5.15014715e-02 -6.48236200e-02 -7.76969045e-02 -8.99940580e-02 -1.01583101e-01
 -1.12328686e-01 -1.22094341e-01 -1.30745724e-01 -1.38156295e-01 -1.44213647e-01
 -1.48822844e-01 -1.51907891e-01 -1.53411925e-01 -1.53296694e-01 -1.51541740e-01
 -1.48143873e-01 -1.43116847e-01 -1.36491507e-01 -1.28316224e-01 -1.18656866e-01
 -1.07595146e-01 -9.52242017e-02 -8.16467404e-02 -6.69741035e-02 -5.13255447e-02
 -3.48273478e-02 -1.76109299e-02  1.90705614e-04  1.84488427e-02  3.70478779e-02
  5.58979511e-02  7.49526694e-02  9.42341238e-02  1.13869213e-01  1.33744240e-01
  1.53931454e-01  1.74516469e-01  1.95607036e-01  2.17341706e-01  2.39900991e-01
  2.63523042e-01  2.88527071e-01  3.15342844e-01  3.44463468e-01  3.75344247e-01
  1.78937316e-01  1.74870044e-01  1.68062478e-01  1.59388676e-01  1.49886996e-01
  1.39980257e-01  1.29779473e-01  1.19311154e-01  1.08580969e-01  9.75879356e-02
  8.63275081e-02  7.47692212e-02  6.29124269e-02  5.07755466e-02  3.83939110e-02
  2.58177202e-02  1.31103024e-02  3.46527784e-04 -1.23886438e-02 -2.50015110e-02
 -3.73908803e-02 -4.94492538e-02 -6.10639490e-02 -7.21182451e-02 -8.24926496e-02
 -9.20663849e-02 -1.00719340e-01 -1.08334541e-01 -1.14801295e-01 -1.20018497e-01
 -1.23897709e-01 -1.26365766e-01 -1.27366692e-01 -1.26862317e-01 -1.24832593e-01
 -1.21275321e-01 -1.16205931e-01 -1.09656639e-01 -1.01675019e-01 -9.23228189e-02
 -8.16746429e-02 -6.98165372e-02 -5.68448901e-02 -4.28654365e-02 -2.79920083e-02
 -1.23444377e-02  3.95476166e-03  2.07855962e-02  3.80382277e-02  5.56238368e-02
  7.34898448e-02  9.16417539e-02  1.10175528e-01  1.29002497e-01  1.48164555e-01
  1.67726263e-01  1.87776551e-01  2.08434507e-01  2.29858443e-01  2.52259016e-01
  2.75916874e-01  3.01205635e-01  3.28617066e-01  3.58803809e-01  3.92863154e-01
  1.79362252e-01  1.76692158e-01  1.67515740e-01  1.57598659e-01  1.48229405e-01
  1.38823375e-01  1.29263878e-01  1.19520381e-01  1.09580748e-01  9.94375348e-02
  8.90851542e-02  7.84955770e-02  6.76644892e-02  5.66061921e-02  4.53513041e-02
  3.39447930e-02  2.24441998e-02  1.09181069e-02 -5.55313600e-04 -1.18896570e-02
 -2.29915921e-02 -3.37621383e-02 -4.40979376e-02 -5.38925752e-02 -6.30379617e-02
 -7.14258999e-02 -7.89498612e-02 -8.55069906e-02 -9.10004005e-02 -9.53415707e-02
 -9.84527096e-02 -1.00268878e-01 -1.00739703e-01 -9.98305082e-02 -9.75229144e-02
 -9.38149318e-02 -8.87205750e-02 -8.22692215e-02 -7.45046884e-02 -6.54842705e-02
 -5.52777946e-02 -4.39666249e-02 -3.16425376e-02 -1.84062831e-02 -4.36549122e-03
  1.03684654e-02  2.56851222e-02  4.14816402e-02  5.76723404e-02  7.42019489e-02
  9.10635367e-02  1.08325087e-01  1.25884935e-01  1.43763691e-01  1.61996037e-01
  1.80634350e-01  1.99752480e-01  2.19451129e-01  2.39865392e-01  2.61175901e-01
  2.83625394e-01  3.07545900e-01  3.33416522e-01  3.62106830e-01  3.97597998e-01
  1.72644064e-01  1.68942571e-01  1.62595615e-01  1.54615089e-01  1.46082684e-01
  1.37357965e-01  1.28506184e-01  1.19525969e-01  1.10405698e-01  1.01135425e-01
  9.17087197e-02  8.21025595e-02  7.23101348e-02  6.23422936e-02  5.22252508e-02
  4.19987589e-02  3.17144282e-02  2.14342307e-02  1.12291109e-02  1.17765355e-03
 -8.63521174e-03 -1.81195065e-02 -2.71815117e-02 -3.57251279e-02 -4.36532833e-02
 -5.08694611e-02 -5.72793186e-02 -6.27924502e-02 -6.73242286e-02 -7.07976818e-02
 -7.31453523e-02 -7.43109658e-02 -7.42507949e-02 -7.29347765e-02 -7.03470856e-02
 -6.64864853e-02 -6.13661855e-02 -5.50135709e-02 -4.74696383e-02 -3.87883298e-02
 -2.90356800e-02 -1.82887688e-02 -6.63426006e-03  5.83361415e-03  1.90159418e-02
  3.28132287e-02  4.71311770e-02  6.18888065e-02  7.70304129e-02  9.25440416e-02
  1.08479761e-01  1.24709040e-01  1.41229138e-01  1.58045843e-01  1.75175056e-01
  1.92644522e-01  2.10495919e-01  2.28787035e-01  2.47594431e-01  2.67016679e-01
  2.87178218e-01  3.08234632e-01  3.30377936e-01  3.53837818e-01  3.77834082e-01
  1.70615196e-01  1.67821661e-01  1.60271257e-01  1.51671231e-01  1.43505722e-01
  1.35444149e-01  1.27360165e-01  1.19201966e-01  1.10944584e-01  1.02575801e-01
  9.40908119e-02  8.54748636e-02  7.67213106e-02  6.78394362e-02  5.88523448e-02
  4.97953370e-02  4.07144949e-02  3.16653624e-02  2.27116290e-02  1.39239309e-02
  5.37860254e-03 -2.84355693e-03 -1.06585585e-02 -1.79805327e-02 -2.47230995e-02
 -3.08007840e-02 -3.61305065e-02 -4.06331122e-02 -4.42349389e-02 -4.68693711e-02
 -4.84783128e-02 -4.90135439e-02 -4.84378859e-02 -4.67261188e-02 -4.38656211e-02
 -3.98567505e-02 -3.47129591e-02 -2.84606498e-02 -2.11388152e-02 -1.27984341e-02
 -3.50153563e-03  6.68012165e-03  1.76669508e-02  2.93742120e-02  4.17157225e-02
  5.46088442e-02  6.79810420e-02  8.17775801e-02  9.59712192e-02  1.10619247e-01
  1.25560090e-01  1.40772566e-01  1.56238317e-01  1.71943322e-01  1.87878728e-01
  2.04041228e-01  2.20432863e-01  2.37059906e-01  2.53930151e-01  2.71047533e-01
  2.88401455e-01  3.05946559e-01  3.23559552e-01  3.40921909e-01  3.57162505e-01
  1.63087443e-01  1.59601063e-01  1.53869063e-01  1.47021204e-01  1.39989138e-01
  1.32902786e-01  1.25742644e-01  1.18491665e-01  1.11143373e-01  1.03698008e-01
  9.61600319e-02  8.85277018e-02  8.07978138e-02  7.29802921e-02  6.50967136e-02
  5.71790338e-02  4.92685065e-02  4.14146483e-02  3.36741991e-02  2.61100102e-02
  1.87899340e-02  1.17856972e-02  5.17171808e-03 -9.76110226e-04 -6.58168364e-03
 -1.15699871e-02 -1.58684272e-02 -1.94081813e-02 -2.21255403e-02 -2.39632241e-02
 -2.48716157e-02 -2.48098932e-02 -2.37470139e-02 -2.16625128e-02 -1.85471009e-02
 -1.44030396e-02 -9.24428646e-03 -3.09638912e-03  4.00390523e-03  1.20093701e-02
  2.08634548e-02  3.05019971e-02  4.08556983e-02  5.18536121e-02  6.34281114e-02
  7.55217150e-02  8.80986378e-02  1.01153202e-01  1.14565194e-01  1.28309250e-01
  1.42335281e-01  1.56600162e-01  1.71064526e-01  1.85691625e-01  2.00446501e-01
  2.15295240e-01  2.30203658e-01  2.45134681e-01  2.60043949e-01  2.74872303e-01
  2.89533883e-01  3.03897500e-01  3.17760080e-01  3.30817401e-01  3.42661530e-01
  1.55366689e-01  1.51496798e-01  1.46879613e-01  1.41626388e-01  1.35933548e-01
  1.29955724e-01  1.23782769e-01  1.17463849e-01  1.11028373e-01  1.04496866e-01
  9.78860408e-02  9.12110582e-02  8.44711512e-02  7.76785463e-02  7.08543211e-02
  6.40278831e-02  5.72363064e-02  5.05235977e-02  4.39398848e-02  3.75405885e-02
  3.13854069e-02  2.55373102e-02  2.00615060e-02  1.50243295e-02  1.04921097e-02
  6.53001154e-03  3.20085045e-03  5.63917216e-04 -1.32618647e-03 -2.42066476e-03
 -2.67757825e-03 -2.06279475e-03 -5.50814380e-04  1.87455874e-03  5.21972636e-03
  9.48101189e-03  1.46446098e-02  2.06868108e-02  2.75745504e-02  3.52663733e-02
  4.37139198e-02  5.28640822e-02  6.26620576e-02  7.30553120e-02  8.40002224e-02
  9.54632089e-02  1.07469380e-01  1.19857274e-01  1.32585689e-01  1.45609543e-01
  1.58877820e-01  1.72336668e-01  1.85930401e-01  1.99601799e-01  2.13292271e-01
  2.26941690e-01  2.40487680e-01  2.53864169e-01  2.66998649e-01  2.79807925e-01
  2.92192221e-01  3.04028153e-01  3.15163165e-01  3.25415254e-01  3.34584266e-01
  1.49796098e-01  1.45942211e-01  1.41702145e-01  1.37103558e-01  1.32201299e-01
  1.27056897e-01  1.21725634e-01  1.16251253e-01  1.10667236e-01  1.04999982e-01
  9.92717072e-02  9.35027078e-02  8.76999125e-02  8.18763971e-02  7.60522261e-02
  7.02542290e-02  6.45155311e-02  5.88750057e-02  5.33766448e-02  4.80688252e-02
  4.30035181e-02  3.82354334e-02  3.38210762e-02  2.98177768e-02  2.62826979e-02
  2.32718177e-02  2.08389033e-02  1.90344937e-02  1.79049075e-02  1.74913015e-02
  1.78287942e-02  1.89456884e-02  2.08628140e-02  2.35930253e-02  2.71408800e-02
  3.15025412e-02  3.66659388e-02  4.26112488e-02  4.93117161e-02  5.67349903e-02
  6.48451224e-02  7.36052245e-02  8.29823911e-02  9.29474086e-02  1.03514731e-01
  1.14554949e-01  1.26040682e-01  1.37916744e-01  1.50128305e-01  1.62617505e-01
  1.75321475e-01  1.88172027e-01  2.01095670e-01  2.14014247e-01  2.26845801e-01
  2.39505783e-01  2.51908392e-01  2.63967544e-01  2.75597334e-01  2.86711693e-01
  2.97223151e-01  3.07041556e-01  3.16073626e-01  3.24224710e-01  3.31404179e-01
  1.45131752e-01  1.41351596e-01  1.37362346e-01  1.33174434e-01  1.28808722e-01
  1.24291219e-01  1.19648956e-01  1.14907451e-01  1.10089816e-01  1.05217069e-01
  1.00308970e-01  9.53849703e-02  9.04569626e-02  8.55373293e-02  8.06445032e-02
  7.58025721e-02  7.10408464e-02  6.63934499e-02  6.18986823e-02  5.75984754e-02
  5.35376780e-02  4.97632995e-02  4.63237725e-02  4.32681106e-02  4.06450294e-02
  3.85020822e-02  3.68847959e-02  3.58358137e-02  3.53940800e-02  3.55940759e-02
  3.64651158e-02  3.80307883e-02  4.03084531e-02  4.33089919e-02  4.70367111e-02
  5.14895245e-02  5.66594787e-02  6.25337288e-02  6.90956786e-02  7.63265863e-02
  8.42093602e-02  9.27269086e-02  1.01897642e-01  1.11612797e-01  1.21854939e-01
  1.32583261e-01  1.43755704e-01  1.55323058e-01  1.67229235e-01  1.79410264e-01
  1.91793025e-01  2.04294443e-01  2.16821268e-01  2.29270875e-01  2.41533339e-01
  2.53494769e-01  2.65041739e-01  2.76066422e-01  2.86471009e-01  2.96171397e-01
  3.05098772e-01  3.13199937e-01  3.20436120e-01  3.26781332e-01  3.32221359e-01
  1.40801236e-01  1.37098715e-01  1.33306846e-01  1.29441440e-01  1.25510052e-01
  1.21518947e-01  1.17475770e-01  1.13389403e-01  1.09270118e-01  1.05129793e-01
  1.00981943e-01  9.68417153e-02  9.27259102e-02  8.86427686e-02  8.46092254e-02
  8.06468725e-02  7.67816380e-02  7.30433315e-02  6.94651976e-02  6.60833567e-02
  6.29362389e-02  6.00639656e-02  5.75076602e-02  5.53087890e-02  5.35084195e-02
  5.21465763e-02  5.12614697e-02  5.08888327e-02  5.10612838e-02  5.18077686e-02
  5.31530678e-02  5.51174283e-02  5.77163063e-02  6.09603487e-02  6.48556799e-02
  6.94043413e-02  7.46051520e-02  8.04567710e-02  8.69587660e-02  9.41084400e-02
  1.01934746e-01  1.10344119e-01  1.19333662e-01  1.28879532e-01  1.38957202e-01
  1.49536446e-01  1.60581008e-01  1.72046781e-01  1.83879972e-01  1.96014807e-01
  2.08371028e-01  2.20851526e-01  2.33340561e-01  2.45703787e-01  2.57790893e-01
  2.69441932e-01  2.80497372e-01  2.90810496e-01  3.00259203e-01  3.08755577e-01
  3.16250384e-01  3.22733045e-01  3.28226805e-01  3.32780004e-01  3.36455792e-01
  1.36363581e-01  1.32711172e-01  1.29103526e-01  1.25545099e-01  1.22029155e-01
  1.18542828e-01  1.15073353e-01  1.11612111e-01  1.08156137e-01  1.04708053e-01
  1.01275325e-01  9.78693590e-02  9.45048779e-02  9.11922231e-02  8.79467204e-02
  8.47878233e-02  8.17385688e-02  7.88251460e-02  7.60764107e-02  7.35234544e-02
  7.11990893e-02  6.91373497e-02  6.73729554e-02  6.59407377e-02  6.48751184e-02
  6.42095357e-02  6.39759228e-02  6.42042160e-02  6.49218857e-02  6.61536455e-02
  6.79212809e-02  7.02434853e-02  7.31356740e-02  7.66101554e-02  8.06778818e-02
  8.53481293e-02  9.06244665e-02  9.65253711e-02  1.03093863e-01  1.10245802e-01
  1.17992878e-01  1.26326814e-01  1.35240138e-01  1.44722089e-01  1.54758587e-01
  1.65331140e-01  1.76415250e-01  1.87978312e-01  1.99976608e-01  2.12351456e-01
  2.25024179e-01  2.37890169e-01  2.50812322e-01  2.63615936e-01  2.76087701e-01
  2.87984014e-01  2.99052209e-01  3.09060991e-01  3.17830771e-01  3.25253904e-01
  3.31303298e-01  3.36031020e-01  3.39556694e-01  3.42044413e-01  3.43671739e-01
  1.31399065e-01  1.27751842e-01  1.24330789e-01  1.21128634e-01  1.18096992e-01
  1.15177400e-01  1.12323418e-01  1.09505877e-01  1.06710829e-01  1.03935570e-01
  1.01185173e-01  9.84700471e-02  9.58043560e-02  9.32015777e-02  9.06769633e-02
  8.82489830e-02  8.59387740e-02  8.37697461e-02  8.17672312e-02  7.99580812e-02
  7.83703402e-02  7.70328492e-02  7.59748295e-02  7.52254874e-02  7.48135522e-02
  7.47669712e-02  7.51125813e-02  7.58757964e-02  7.70802125e-02  7.87474439e-02
  8.08981657e-02  8.35522264e-02  8.67277533e-02  9.04372931e-02  9.47042033e-02
  9.95683074e-02  1.04977295e-01  1.10953122e-01  1.17510118e-01  1.24647237e-01
  1.32367864e-01  1.40674904e-01  1.49571002e-01  1.59057960e-01  1.69136196e-01
  1.79803863e-01  1.91055477e-01  2.02879712e-01  2.15256155e-01  2.28150234e-01
  2.41505861e-01  2.55234450e-01  2.69199193e-01  2.83193678e-01  2.96917617e-01
  3.09965581e-01  3.21865231e-01  3.32180291e-01  3.40605646e-01  3.46990585e-01
  3.51338208e-01  3.53803366e-01  3.54688495e-01  3.54403526e-01  3.53355348e-01
  1.25255629e-01  1.21489733e-01  1.18378006e-01  1.15790516e-01  1.13497101e-01
  1.11328155e-01  1.09199062e-01  1.07077233e-01  1.04955651e-01  1.02839611e-01
  1.00740634e-01  9.86736417e-02  9.66555402e-02  9.47046876e-02  9.28372815e-02
  9.10721570e-02  8.94295499e-02  8.79309475e-02  8.65988731e-02  8.54566917e-02
  8.45284611e-02  8.38386938e-02  8.34121034e-02  8.32732543e-02  8.34462047e-02
  8.39542598e-02  8.48205686e-02  8.60679075e-02  8.77176151e-02  8.97862241e-02
  9.22955647e-02  9.52733904e-02  9.87590626e-02  1.02714464e-01  1.07165433e-01
  1.12131424e-01  1.17620781e-01  1.23645969e-01  1.30219877e-01  1.37354255e-01
  1.45061508e-01  1.53354973e-01  1.62249312e-01  1.71760678e-01  1.81906819e-01
  1.92707062e-01  2.04181924e-01  2.16352165e-01  2.29236886e-01  2.42850021e-01
  2.57193923e-01  2.72248507e-01  2.87951708e-01  3.04163337e-01  3.20587099e-01
  3.36588413e-01  3.50974351e-01  3.62576276e-01  3.71113926e-01  3.76353115e-01
  3.78368706e-01  3.77416342e-01  3.73944849e-01  3.69264126e-01  3.64424348e-01
  1.16492204e-01  1.12062044e-01  1.10178180e-01  1.09328680e-01  1.08367056e-01
  1.07196331e-01  1.05878964e-01  1.04466781e-01  1.02997735e-01  1.01502180e-01
  1.00006394e-01  9.85342190e-02  9.71078500e-02  9.57483277e-02  9.44757611e-02
  9.33096930e-02  9.22698751e-02  9.13762674e-02  9.06490088e-02  9.01083052e-02
  8.97747874e-02  8.96694735e-02  8.98136869e-02  9.02287811e-02  9.09352675e-02
  9.19502601e-02  9.32950005e-02  9.49948728e-02  9.70827565e-02  9.95373726e-02
  1.02383539e-01  1.05642997e-01  1.09334238e-01  1.13467582e-01  1.18057586e-01
  1.23119734e-01  1.28669113e-01  1.34721696e-01  1.41294509e-01  1.48405895e-01
  1.56076014e-01  1.64327562e-01  1.73186496e-01  1.82682842e-01  1.92851827e-01
  2.03735009e-01  2.15381727e-01  2.27850735e-01  2.41211742e-01  2.55546898e-01
  2.70951301e-01  2.87532151e-01  3.05405527e-01  3.24693829e-01  3.45556855e-01
  3.68581951e-01  3.94876868e-01  4.02345657e-01  4.14639205e-01  4.16952491e-01
  4.14659619e-01  4.13445801e-01  3.95859152e-01  3.83576006e-01  3.74076158e-01
  1.08860277e-01  1.03591740e-01  1.03262022e-01  1.03923842e-01  1.03874139e-01
  1.03427589e-01  1.02744982e-01  1.01913996e-01  1.00994036e-01  1.00030102e-01
  9.90583524e-02  9.81089175e-02  9.72075909e-02  9.63769108e-02  9.56388116e-02
  9.50133353e-02  9.45196673e-02  9.41764116e-02  9.40014720e-02  9.40109119e-02
  9.42220539e-02  9.46530402e-02  9.53232348e-02  9.62543935e-02  9.74735171e-02
  9.89659652e-02  1.00753263e-01  1.02854252e-01  1.05285347e-01  1.08057298e-01
  1.11184128e-01  1.14680909e-01  1.18562631e-01  1.22843757e-01  1.27539530e-01
  1.32666200e-01  1.38241068e-01  1.44282952e-01  1.50812432e-01  1.57852411e-01
  1.65428698e-01  1.73570856e-01  1.82313204e-01  1.91696301e-01  2.01768696e-01
  2.12589428e-01  2.24231273e-01  2.36785188e-01  2.50366360e-01  2.65122235e-01
  2.81243294e-01  2.98976153e-01  3.18637311e-01  3.40630442e-01  3.65526646e-01
  3.93677086e-01  4.12942886e-01  4.26184118e-01  4.36300635e-01  4.35229689e-01
  4.34354335e-01  4.20309335e-01  4.03564662e-01  3.89353395e-01  3.77834976e-01
  1.07292809e-01  1.02667592e-01  1.00856304e-01  1.00574128e-01  1.00532740e-01
  1.00361742e-01  1.00029200e-01  9.95750204e-02  9.90477949e-02  9.84912291e-02
  9.79420245e-02  9.74306092e-02  9.69823748e-02  9.66188163e-02  9.63585228e-02
  9.62223485e-02  9.62279662e-02  9.63933393e-02  9.67381448e-02  9.72638205e-02
  9.79863256e-02  9.89204124e-02  1.00080252e-01  1.01479419e-01  1.03130102e-01
  1.05040267e-01  1.07220501e-01  1.09682083e-01  1.12436235e-01  1.15493782e-01
  1.18866183e-01  1.22565694e-01  1.26605406e-01  1.30999312e-01  1.35762632e-01
  1.40912071e-01  1.46466002e-01  1.52444795e-01  1.58871144e-01  1.65770441e-01
  1.73171446e-01  1.81107074e-01  1.89615533e-01  1.98741823e-01  2.08539844e-01
  2.19075367e-01  2.30430037e-01  2.42707238e-01  2.56040633e-01  2.70606846e-01
  2.86645234e-01  3.04489166e-01  3.24617684e-01  3.47727865e-01  3.74407053e-01
  3.99241239e-01  4.15471375e-01  4.29202706e-01  4.34031308e-01  4.34630424e-01
  4.28032637e-01  4.12896782e-01  3.97770196e-01  3.84899050e-01  3.74069393e-01
  1.01533644e-01  9.55685377e-02  9.62877646e-02  9.75916982e-02  9.79136303e-02
  9.78909582e-02  9.77043957e-02  9.74370912e-02  9.71442014e-02  9.68672186e-02
  9.66381654e-02  9.64821577e-02  9.64194164e-02  9.64670256e-02  9.66402143e-02
  9.69534293e-02  9.74202007e-02  9.80532691e-02  9.88642350e-02  9.98623073e-02
  1.01057120e-01  1.02458008e-01  1.04073748e-01  1.05912387e-01  1.07981160e-01
  1.10286444e-01  1.12834640e-01  1.15632355e-01  1.18686534e-01  1.22004598e-01
  1.25594810e-01  1.29466608e-01  1.33630827e-01  1.38099983e-01  1.42888457e-01
  1.48012683e-01  1.53491288e-01  1.59345195e-01  1.65597737e-01  1.72274947e-01
  1.79405868e-01  1.87023148e-01  1.95163831e-01  2.03870535e-01  2.13193089e-01
  2.23190710e-01  2.33935133e-01  2.45514899e-01  2.58041561e-01  2.71658927e-01
  2.86557436e-01  3.02997500e-01  3.21346223e-01  3.42088372e-01  3.65036041e-01
  3.84680808e-01  3.98093820e-01  4.09059376e-01  4.12437677e-01  4.12584394e-01
  4.05572385e-01  3.93672198e-01  3.82634103e-01  3.72831196e-01  3.64145249e-01
  1.04344629e-01  9.94672403e-02  9.71934870e-02  9.64868963e-02  9.61878821e-02
  9.59075987e-02  9.56125185e-02  9.53441411e-02  9.51438174e-02  9.50402021e-02
  9.50513259e-02  9.51888114e-02  9.54613015e-02  9.58766043e-02  9.64428112e-02
  9.71685573e-02  9.80627611e-02  9.91341621e-02  1.00390770e-01  1.01839460e-01
  1.03486083e-01  1.05335467e-01  1.07391432e-01  1.09656908e-01  1.12134106e-01
  1.14824742e-01  1.17730327e-01  1.20852508e-01  1.24193311e-01  1.27755538e-01
  1.31543174e-01  1.35561928e-01  1.39819607e-01  1.44326538e-01  1.49095774e-01
  1.54143184e-01  1.59487352e-01  1.65149376e-01  1.71152696e-01  1.77522793e-01
  1.84287265e-01  1.91475809e-01  1.99120492e-01  2.07256302e-01  2.15921670e-01
  2.25159302e-01  2.35017017e-01  2.45548606e-01  2.56814301e-01  2.68880397e-01
  2.81816423e-01  2.95687199e-01  3.10532421e-01  3.26317936e-01  3.42439860e-01
  3.56340706e-01  3.67188156e-01  3.74729753e-01  3.78651351e-01  3.78752261e-01
  3.74948591e-01  3.69052291e-01  3.62753510e-01  3.56457889e-01  3.50391299e-01
  9.95377302e-02  9.29273963e-02  9.43999216e-02  9.51854959e-02  9.46877152e-02
  9.39895883e-02  9.33815390e-02  9.29661170e-02  9.27713066e-02  9.27936211e-02
  9.30190086e-02  9.34330076e-02  9.40252468e-02  9.47909355e-02  9.57304314e-02
  9.68479067e-02  9.81496423e-02  9.96423513e-02  1.01331867e-01  1.03222273e-01
  1.05315588e-01  1.07611828e-01  1.10109344e-01  1.12805292e-01  1.15696035e-01
  1.18777506e-01  1.22045390e-01  1.25495344e-01  1.29123256e-01  1.32925749e-01
  1.36900887e-01  1.41049027e-01  1.45373702e-01  1.49882346e-01  1.54586598e-01
  1.59502223e-01  1.64648697e-01  1.70048341e-01  1.75725430e-01  1.81705400e-01
  1.88014075e-01  1.94677338e-01  2.01720759e-01  2.09169462e-01  2.17047855e-01
  2.25379065e-01  2.34183997e-01  2.43479416e-01  2.53274322e-01  2.63563782e-01
  2.74317622e-01  2.85460621e-01  2.96837121e-01  3.08154345e-01  3.18929374e-01
  3.28556687e-01  3.36508602e-01  3.42437327e-01  3.46166521e-01  3.47698241e-01
  3.47261161e-01  3.45314950e-01  3.42385113e-01  3.38890612e-01  3.35118622e-01
  1.08068682e-01  1.02705702e-01  9.87080336e-02  9.56984088e-02  9.32933763e-02
  9.14903879e-02  9.03313309e-02  8.97428468e-02  8.96121189e-02  8.98408443e-02
  9.03532654e-02  9.10961479e-02  9.20373276e-02  9.31624025e-02  9.44700092e-02
  9.59667414e-02  9.76625085e-02  9.95668471e-02  1.01686336e-01  1.04023226e-01
  1.06575094e-01  1.09335586e-01  1.12295680e-01  1.15445063e-01  1.18773140e-01
  1.22269399e-01  1.25923216e-01  1.29723459e-01  1.33658305e-01  1.37715638e-01
  1.41884372e-01  1.46156326e-01  1.50528327e-01  1.55003756e-01  1.59593344e-01
  1.64314881e-01  1.69191867e-01  1.74251452e-01  1.79522008e-01  1.85031250e-01
  1.90804765e-01  1.96865350e-01  2.03232542e-01  2.09922269e-01  2.16946274e-01
  2.24311158e-01  2.32016727e-01  2.40053460e-01  2.48398528e-01  2.57010072e-01
  2.65819252e-01  2.74719596e-01  2.83555895e-01  2.92116761e-01  3.00141782e-01
  3.07350665e-01  3.13488156e-01  3.18363965e-01  3.21877480e-01  3.24029684e-01
  3.24922383e-01  3.24738324e-01  3.23701382e-01  3.22033674e-01  3.19928110e-01
  1.11581028e-01  1.05743438e-01  1.00055709e-01  9.45212096e-02  8.94488543e-02
  8.63233805e-02  8.51779878e-02  8.49040896e-02  8.52204636e-02  8.59506726e-02
  8.69563967e-02  8.81525874e-02  8.95000249e-02  9.09942165e-02  9.26522240e-02
  9.45004895e-02  9.65658650e-02  9.88695696e-02  1.01423584e-01  1.04228765e-01
  1.07275099e-01  1.10544264e-01  1.14014171e-01  1.17663242e-01  1.21472836e-01
  1.25427186e-01  1.29511476e-01  1.33709088e-01  1.37999222e-01  1.42356306e-01
  1.46752626e-01  1.51163638e-01  1.55573547e-01  1.59979180e-01  1.64391786e-01
  1.68836564e-01  1.73349604e-01  1.77972063e-01  1.82743892e-01  1.87699527e-01
  1.92866474e-01  1.98265314e-01  2.03910306e-01  2.09809676e-01  2.15965480e-01
  2.22372934e-01  2.29019031e-01  2.35880733e-01  2.42922291e-01  2.50092238e-01
  2.57319838e-01  2.64511943e-01  2.71551698e-01  2.78300554e-01  2.84605920e-01
  2.90314466e-01  2.95289099e-01  2.99425423e-01  3.02663833e-01  3.04995656e-01
  3.06461692e-01  3.07143420e-01  3.07148904e-01  3.06596994e-01  3.05604011e-01
  1.13973409e-01  1.07469998e-01  1.00412048e-01  9.24879014e-02  8.35743025e-02
  7.85942674e-02  7.73595497e-02  7.79326037e-02  7.95033425e-02  8.12413171e-02
  8.30445811e-02  8.48278925e-02  8.65860283e-02  8.83807614e-02  9.02945325e-02
  9.24043879e-02  9.47736874e-02  9.74470302e-02  1.00447439e-01  1.03774145e-01
  1.07398890e-01  1.11271806e-01  1.15339458e-01  1.19560443e-01  1.23909757e-01
  1.28374830e-01  1.32947996e-01  1.37617588e-01  1.42357677e-01  1.47119731e-01
  1.51836157e-01  1.56443119e-01  1.60899729e-01  1.65191129e-01  1.69330314e-01
  1.73360601e-01  1.77355260e-01  1.81396753e-01  1.85551435e-01  1.89863369e-01
  1.94359362e-01  1.99054718e-01  2.03956708e-01  2.09066063e-01  2.14377359e-01
  2.19878569e-01  2.25550279e-01  2.31364563e-01  2.37283662e-01  2.43258864e-01
  2.49229431e-01  2.55122453e-01  2.60853946e-01  2.66331583e-01  2.71459669e-01
  2.76145965e-01  2.80309319e-01  2.83887029e-01  2.86840498e-01  2.89157957e-01
  2.90854305e-01  2.91967303e-01  2.92552054e-01  2.92674005e-01  2.92402565e-01
  1.16888493e-01  1.10259607e-01  1.02826364e-01  9.41774771e-02  8.36411864e-02
  7.63801038e-02  7.15928823e-02  7.14844614e-02  7.31158182e-02  7.64733180e-02
  7.95219466e-02  8.18288028e-02  8.36986005e-02  8.54734704e-02  8.73775184e-02
  8.95299017e-02  9.20603573e-02  9.50434729e-02  9.85009372e-02  1.02474339e-01
  1.06901556e-01  1.11600779e-01  1.16422124e-01  1.21299736e-01  1.26225069e-01
  1.31218016e-01  1.36309385e-01  1.41528875e-01  1.46888241e-01  1.52331367e-01
  1.57622024e-01  1.62541077e-01  1.67098567e-01  1.71206236e-01  1.74928933e-01
  1.78233579e-01  1.81371078e-01  1.84597328e-01  1.87993929e-01  1.91581249e-01
  1.95363149e-01  1.99338123e-01  2.03501701e-01  2.07846358e-01  2.12360620e-01
  2.17028126e-01  2.21826792e-01  2.26728097e-01  2.31696665e-01  2.36689940e-01
  2.41658285e-01  2.46545658e-01  2.51290977e-01  2.55830199e-01  2.60099500e-01
  2.64038831e-01  2.67595679e-01  2.70728827e-01  2.73410976e-01  2.75630176e-01
  2.77389765e-01  2.78707087e-01  2.79610753e-01  2.80137479e-01  2.80328840e-01
  1.20964549e-01  1.14965014e-01  1.08361371e-01  1.01037443e-01  9.30960104e-02
  8.49705637e-02  7.53951073e-02  7.31630400e-02  7.14650527e-02  7.57726133e-02
  7.90234804e-02  8.06116834e-02  8.10492858e-02  8.20187926e-02  8.39053765e-02
  8.53473693e-02  8.78065601e-02  9.13899615e-02  9.47598293e-02  9.96267125e-02
  1.05889529e-01  1.11953855e-01  1.17699750e-01  1.23221241e-01  1.28628418e-01
  1.34026080e-01  1.39515832e-01  1.45205200e-01  1.51225239e-01  1.57790661e-01
  1.64697662e-01  1.69151261e-01  1.74846590e-01  1.77734077e-01  1.81985572e-01
  1.83246121e-01  1.85032055e-01  1.87312990e-01  1.89923808e-01  1.92789912e-01
  1.95872009e-01  1.99148417e-01  2.02605247e-01  2.06230253e-01  2.10009292e-01
  2.13924378e-01  2.17952937e-01  2.22067505e-01  2.26235852e-01  2.30421215e-01
  2.34582826e-01  2.38676712e-01  2.42656827e-01  2.46476546e-01  2.50090510e-01
  2.53456712e-01  2.56538510e-01  2.59306431e-01  2.61739731e-01  2.63826996e-01
  2.65566379e-01  2.66964823e-01  2.68036962e-01  2.68803418e-01  2.69289136e-01
  1.26000643e-01  1.21150777e-01  1.15875520e-01  1.10135786e-01  1.04004197e-01
  9.76559222e-02  9.14558098e-02  8.56227130e-02  7.78638422e-02  8.30695778e-02
  8.43902752e-02  8.40152055e-02  8.15223977e-02  8.10816959e-02  8.38873312e-02
  8.35019276e-02  8.56957138e-02  9.06527936e-02  9.24092308e-02  9.80891436e-02
  1.06828935e-01  1.13918193e-01  1.20138153e-01  1.25885323e-01  1.31399348e-01
  1.36849955e-01  1.42379001e-01  1.48126230e-01  1.54251620e-01  1.60946593e-01
  1.67639181e-01  1.72529429e-01  1.77751496e-01  1.81027651e-01  1.84606537e-01
  1.85970277e-01  1.87307104e-01  1.89073429e-01  1.91132352e-01  1.93405539e-01
  1.95859939e-01  1.98485941e-01  2.01280907e-01  2.04239607e-01  2.07350746e-01
  2.10596770e-01  2.13954926e-01  2.17398271e-01  2.20896587e-01  2.24417135e-01
  2.27925152e-01  2.31384680e-01  2.34759331e-01  2.38013282e-01  2.41112307e-01
  2.44025052e-01  2.46724084e-01  2.49186918e-01  2.51396805e-01  2.53343135e-01
  2.55021483e-01  2.56433427e-01  2.57585824e-01  2.58489937e-01  2.59160578e-01
  9.89839315e-01  9.94248927e-01  9.91367519e-01  9.90296364e-01  9.90386903e-01
  9.91488993e-01  9.94297802e-01  9.96953249e-01  1.00011981e+00  1.00430655e+00
  1.00942218e+00  1.01550686e+00  1.02239513e+00  1.03024042e+00  1.03918147e+00
  1.04915690e+00  1.05989492e+00  1.07186532e+00  1.08487487e+00  1.09895992e+00
  1.11422765e+00  1.13061285e+00  1.14826393e+00  1.16715062e+00  1.18736255e+00
  1.20879030e+00  1.23149669e+00  1.25549853e+00  1.28077626e+00  1.30736029e+00
  1.33523762e+00  1.36452103e+00  1.39520788e+00  1.42741561e+00  1.46133399e+00
  1.49696898e+00  1.53452194e+00  1.57407320e+00  1.61584938e+00  1.66019809e+00
  1.70705485e+00  1.75694180e+00  1.80992413e+00  1.86656475e+00  1.92729294e+00
  1.99208999e+00  2.06211495e+00  2.13757157e+00  2.21972728e+00  2.30840087e+00
  2.40581083e+00  2.51287460e+00  2.63123918e+00  2.76224542e+00  2.90983033e+00
  3.07651997e+00  3.26635623e+00  3.48787522e+00  3.74772620e+00  4.06227970e+00
  4.45079279e+00  4.95814037e+00  5.66449356e+00  6.82186508e+00  1.33667421e+01
   94   49
  1.06250131e+00  0.00000000e+00  1.06318784e+00  1.00000001e-01  1.06606340e+00
  2.00000003e-01  1.07055688e+00  3.00000012e-01  1.07724333e+00  4.00000006e-01
  1.08157527e+00  4.49999988e-01  1.09206021e+00  5.50000012e-01  1.10434699e+00
  6.49999976e-01  1.11105025e+00  6.99999988e-01  1.12605000e+00  8.00000012e-01
  1.13424635e+00  8.50000024e-01  1.15159190e+00  9.49999988e-01  1.16055870e+00
  1.00000000e+00  1.18065047e+00  1.10000002e+00  1.19134653e+00  1.15515208e+00
  1.19738042e+00  1.18016946e+00  1.26499999e+00  1.16236079e+00  1.30152845e+00
  1.14999998e+00  1.34468746e+00  1.13860846e+00  1.39781249e+00  1.12190652e+00
  1.45093751e+00  1.10256755e+00  1.47749996e+00  1.09272885e+00  1.53062499e+00
  1.07163846e+00  1.57662499e+00  1.04999995e+00  1.61031246e+00  1.03454196e+00
  1.66343749e+00  1.00602388e+00  1.69000006e+00  9.90706086e-01  1.74312496e+00
  9.57296669e-01  1.76968753e+00  9.39291298e-01  1.82280052e+00  8.99999976e-01
  1.84937501e+00  8.79637063e-01  1.88413155e+00  8.50000024e-01  1.92906249e+00
  8.10772955e-01  1.95562506e+00  7.85792053e-01  1.99117458e+00  7.50000000e-01
  2.03531241e+00  7.02774763e-01  2.06187510e+00  6.71744287e-01  2.08843756e+00
  6.38050735e-01  2.11599994e+00  6.00000024e-01  2.14819431e+00  5.50000012e-01
  2.17652559e+00  5.00000000e-01  2.20168281e+00  4.49999988e-01  2.22434592e+00
  4.00000006e-01  2.24781251e+00  3.42538476e-01  2.27437496e+00  2.70328850e-01
  2.29684353e+00  2.00000003e-01  2.30981731e+00  1.50000006e-01  2.32519293e+00
  5.00000007e-02  2.32422328e+00 -5.00000007e-02  2.30690932e+00 -1.50000006e-01
  2.29301691e+00 -2.00000003e-01  2.27437496e+00 -2.56363124e-01  2.24781251e+00
 -3.26272309e-01  2.22125006e+00 -3.89131308e-01  2.19468760e+00 -4.45822090e-01
  2.16812491e+00 -4.96718138e-01  2.14156246e+00 -5.42331517e-01  2.11500001e+00
 -5.83347321e-01  2.08843756e+00 -6.20446861e-01  2.06187510e+00 -6.54164672e-01
  2.02179980e+00 -6.99999988e-01  1.98218751e+00 -7.41680861e-01  1.95562506e+00
 -7.67705977e-01  1.91945851e+00 -8.00000012e-01  1.87593746e+00 -8.37467015e-01
  1.84937501e+00 -8.58421028e-01  1.79624999e+00 -8.96887481e-01  1.76968753e+00
 -9.15240824e-01  1.71656251e+00 -9.47289586e-01  1.69000006e+00 -9.62565124e-01
  1.63687503e+00 -9.89000022e-01  1.61031246e+00 -1.00032949e+00  1.55718756e+00
 -1.02136993e+00  1.50406253e+00 -1.03715718e+00  1.45093751e+00 -1.04785812e+00
  1.42437506e+00 -1.05134082e+00  1.37125003e+00 -1.05200028e+00  1.34468746e+00
 -1.04788542e+00  1.29156256e+00 -1.02704835e+00  1.26121378e+00 -1.00000000e+00
  1.22565782e+00 -9.49999988e-01  1.20164955e+00 -8.99999976e-01  1.18294775e+00
 -8.50000024e-01  1.15875006e+00 -7.69692242e-01  1.14212263e+00 -6.99999988e-01
  1.13148820e+00 -6.49999976e-01  1.11276734e+00 -5.50000012e-01  1.10448623e+00
 -5.00000000e-01  1.08990216e+00 -4.00000006e-01  1.07906246e+00 -3.03604215e-01
  1.07420170e+00 -2.50000000e-01  1.06731963e+00 -1.50000006e-01  1.06330526e+00
 -5.00000007e-02  1.06250131e+00  0.00000000e+00
  1.01600003e+00  0.00000000e+00  1.01600003e+00  4.00000006e-01  1.01600003e+00
  4.14999992e-01  1.01600003e+00  1.21730006e+00  1.14830005e+00  1.35150003e+00
  1.41289997e+00  1.35150003e+00  1.41289997e+00  1.31140006e+00  1.38680005e+00
  1.31140006e+00  1.38680005e+00  1.28950000e+00  1.39740002e+00  1.27119994e+00
  1.60780001e+00  1.09459996e+00  1.64649999e+00  1.07679999e+00  1.78450000e+00
  1.07679999e+00  2.07010007e+00  1.03999996e+00  2.12820005e+00  9.92600024e-01
  2.24510002e+00  7.08599985e-01  2.32310009e+00  5.19200027e-01  2.37669992e+00
  3.89099985e-01  2.35220003e+00  4.00000006e-01  2.35109997e+00  3.37399989e-01
  2.35109997e+00  2.05200002e-01  2.35360003e+00  6.83699995e-02  2.35400009e+00
  0.00000000e+00  2.35439992e+00 -6.83699995e-02  2.35290003e+00 -2.05200002e-01
  2.35050011e+00 -3.37399989e-01  2.35270000e+00 -4.00000006e-01  2.37669992e+00
 -3.88999999e-01  2.13400006e+00 -9.72999990e-01  1.78569996e+00 -1.17439997e+00
  1.76800001e+00 -1.21070004e+00  1.76800001e+00 -1.25399995e+00  1.68200004e+00
 -1.25399995e+00  1.67400002e+00 -1.26199996e+00  1.67400002e+00 -1.32900000e+00
  1.68099999e+00 -1.33899999e+00  1.75399995e+00 -1.33899999e+00  1.75399995e+00
 -1.36749995e+00  1.68900001e+00 -1.36749995e+00  1.68900001e+00 -1.36600006e+00
  1.55499995e+00 -1.36600006e+00  1.41199994e+00 -1.36600006e+00  1.27300000e+00
 -1.36600006e+00  1.15300000e+00 -1.36600006e+00  1.01600003e+00 -1.22880006e+00
  1.01600003e+00 -8.00000012e-01  1.01600003e+00 -4.14999992e-01  1.01600003e+00
 -4.00000006e-01  1.01600003e+00  0.00000000e+00
    0 0.000000000e+00    0
  0.00000000e+00  8.92832056e-02  1.26358211e-01  1.54726073e-01  1.78583756e-01
  1.99557737e-01  2.17287689e-01  2.34929964e-01  2.51343071e-01  2.66732842e-01
  2.81404167e-01  2.95403630e-01  3.08791310e-01  3.21727931e-01  3.34304988e-01
  3.46482188e-01  3.58373910e-01  3.69985193e-01  3.81402016e-01  3.92622471e-01
  4.03667390e-01  4.14575487e-01  4.25355405e-01  4.36069667e-01  4.46694762e-01
  4.57235873e-01  4.67771113e-01  4.78248745e-01  4.88710672e-01  4.99184996e-01
  5.09638727e-01  5.20131052e-01  5.30629396e-01  5.41157365e-01  5.51758707e-01
  5.62388957e-01  5.73103070e-01  5.83873034e-01  5.94728351e-01  6.05714083e-01
  6.16767049e-01  6.27976179e-01  6.39293075e-01  6.50775313e-01  6.62439406e-01
  6.74236655e-01  6.86282992e-01  6.98513627e-01  7.11047351e-01  7.23770022e-01
  7.36843765e-01  7.50241220e-01  7.64032006e-01  7.78175771e-01  7.92835474e-01
  8.08024883e-01  8.23765993e-01  8.40277970e-01  8.57571483e-01  8.75894904e-01
  8.95365417e-01  9.16472256e-01  9.39616621e-01  9.66019332e-01  1.00000000e+00
    1
  7.60252266e+04  4.57483516e+04  2.21616836e+04  4.26812891e+03 -8.79013574e+03
 -1.77526426e+04 -2.32587285e+04 -2.58631699e+04 -2.60497617e+04 -2.42431426e+04
 -2.08191992e+04 -1.61142441e+04 -1.04332559e+04 -4.05733374e+03  2.74942261e+03
  9.73345410e+03  1.66455371e+04  2.32346914e+04  2.92420312e+04  3.43944414e+04
  3.84408008e+04  4.14205273e+04  4.34892109e+04  4.47808164e+04  4.54102969e+04
  4.54764141e+04  4.50641445e+04  4.42467617e+04  4.30876250e+04  4.16417383e+04
  3.99570898e+04  3.80758242e+04  3.60352773e+04  3.38688867e+04  3.16070176e+04
  2.92776914e+04  2.69072852e+04  2.45211680e+04  2.21443223e+04  1.98019648e+04
  1.75201484e+04  1.53264111e+04  1.32504443e+04  1.13248213e+04  9.58579297e+03
  8.07417529e+03  6.83634619e+03  5.92538281e+03  5.40235889e+03  5.33783740e+03
  5.81359961e+03  6.92464258e+03  8.78150586e+03  1.15129736e+04  1.52692275e+04
  2.02255176e+04  2.65864531e+04  3.45910039e+04  4.45183516e+04  5.66947188e+04
  7.15013359e+04  8.93837969e+04  1.10862922e+05  1.36547547e+05  1.67149344e+05
